Team,W/L,TeamPoints,OpponentPoints,Point-Diff
ATL,W,114,99,15
ATL,W,104,72,32
ATL,W,106,95,11
ATL,L,116,123,-7
ATL,L,92,95,-3
ATL,W,112,97,15
ATL,W,110,106,4
ATL,W,115,107,8
ATL,W,117,96,21
ATL,W,93,90,3
ATL,W,107,100,7
ATL,L,96,100,-4
ATL,L,94,104,-10
ATL,L,94,112,-18
ATL,W,96,85,11
ATL,L,68,95,-27
ATL,L,94,109,-15
ATL,L,100,105,-5
ATL,L,107,109,-2
ATL,L,85,121,-36
ATL,L,84,128,-44
ATL,L,99,102,-3
ATL,W,103,95,8
ATL,W,114,110,4
ATL,L,120,131,-11
ATL,W,125,121,4
ATL,L,99,107,-8
ATL,W,110,108,2
ATL,L,84,92,-8
ATL,W,109,108,1
ATL,L,90,104,-14
ATL,W,102,98,4
ATL,W,105,98,7
ATL,W,114,112,2
ATL,W,111,92,19
ATL,W,99,94,5
ATL,W,97,82,15
ATL,W,117,97,20
ATL,L,101,103,-2
ATL,W,111,98,13
ATL,W,108,107,1
ATL,L,95,118,-23
ATL,W,102,93,9
ATL,W,110,93,17
ATL,L,105,115,-10
ATL,W,119,114,5
ATL,L,86,112,-26
ATL,W,142,139,3
ATL,L,93,116,-23
ATL,W,113,108,5
ATL,W,113,86,27
ATL,L,95,120,-25
ATL,W,117,106,11
ATL,L,107,108,-1
ATL,W,109,104,5
ATL,L,84,99,-15
ATL,L,90,108,-18
ATL,L,86,105,-19
ATL,W,114,98,16
ATL,W,100,95,5
ATL,L,130,135,-5
ATL,L,96,97,-1
ATL,L,111,119,-8
ATL,W,110,105,5
ATL,W,105,99,6
ATL,W,107,90,17
ATL,L,99,107,-8
ATL,L,91,103,-12
ATL,L,97,113,-16
ATL,L,90,105,-15
ATL,L,100,104,-4
ATL,L,97,100,-3
ATL,L,92,107,-15
ATL,W,95,91,4
ATL,W,99,92,7
ATL,L,104,106,-2
ATL,L,82,91,-9
ATL,W,123,116,7
ATL,W,114,100,14
ATL,W,126,125,1
ATL,W,103,76,27
ATL,L,86,104,-18
BOS,W,122,117,5
BOS,L,99,105,-6
BOS,W,104,98,6
BOS,W,107,100,7
BOS,L,122,128,-6
BOS,L,107,123,-16
BOS,L,93,118,-25
BOS,W,115,87,28
BOS,W,105,99,6
BOS,L,105,106,-1
BOS,W,90,83,7
BOS,L,88,104,-16
BOS,W,94,92,2
BOS,W,99,93,6
BOS,W,111,92,19
BOS,L,103,109,-6
BOS,W,112,104,8
BOS,L,114,121,-7
BOS,W,97,92,5
BOS,W,107,106,1
BOS,L,106,107,-1
BOS,W,117,87,30
BOS,L,94,101,-7
BOS,L,96,99,-3
BOS,L,101,108,-7
BOS,W,96,88,8
BOS,W,105,95,10
BOS,W,112,109,3
BOS,W,109,102,7
BOS,L,112,117,-5
BOS,W,119,114,5
BOS,W,113,103,10
BOS,L,118,124,-6
BOS,W,117,114,3
BOS,W,115,104,11
BOS,W,110,106,4
BOS,W,117,108,9
BOS,L,106,114,-8
BOS,W,117,108,9
BOS,W,103,101,2
BOS,W,108,98,10
BOS,L,106,117,-11
BOS,L,123,127,-4
BOS,L,108,123,-15
BOS,W,120,109,11
BOS,W,128,98,30
BOS,W,112,108,4
BOS,W,113,109,4
BOS,W,109,104,5
BOS,W,113,107,6
BOS,W,107,102,5
BOS,L,92,108,-16
BOS,W,120,111,9
BOS,W,112,104,8
BOS,W,111,98,13
BOS,W,116,108,8
BOS,L,103,104,-1
BOS,L,97,107,-10
BOS,W,104,98,6
BOS,L,98,114,-16
BOS,W,103,99,4
BOS,W,115,95,20
BOS,L,106,109,-3
BOS,L,102,116,-14
BOS,W,99,86,13
BOS,L,99,119,-20
BOS,W,100,80,20
BOS,W,117,104,13
BOS,W,98,95,3
BOS,L,99,105,-6
BOS,W,110,102,8
BOS,W,109,100,9
BOS,W,130,120,10
BOS,W,112,108,4
BOS,L,100,103,-3
BOS,W,117,116,1
BOS,W,110,94,16
BOS,L,91,114,-23
BOS,L,116,123,-7
BOS,W,121,114,7
BOS,W,114,105,9
BOS,W,112,94,18
BRK,L,117,122,-5
BRK,W,103,94,9
BRK,L,108,110,-2
BRK,L,88,118,-30
BRK,W,109,101,8
BRK,L,95,99,-4
BRK,W,119,110,9
BRK,L,96,110,-14
BRK,W,122,104,18
BRK,L,95,127,-32
BRK,L,118,125,-7
BRK,L,105,124,-19
BRK,L,109,129,-20
BRK,L,92,111,-19
BRK,L,97,118,-21
BRK,L,105,122,-17
BRK,W,127,122,5
BRK,L,93,111,-18
BRK,L,103,112,-9
BRK,L,113,118,-5
BRK,W,116,111,5
BRK,L,101,130,-29
BRK,L,118,122,-4
BRK,W,107,97,10
BRK,L,111,118,-7
BRK,L,107,108,-1
BRK,L,104,116,-12
BRK,L,101,117,-16
BRK,L,99,119,-20
BRK,W,120,118,2
BRK,L,99,101,-2
BRK,L,95,118,-23
BRK,L,89,101,-12
BRK,L,109,121,-12
BRK,L,108,116,-8
BRK,L,95,105,-10
BRK,L,97,117,-20
BRK,L,95,104,-9
BRK,L,113,132,-19
BRK,L,112,137,-25
BRK,L,109,119,-10
BRK,W,143,114,29
BRK,L,105,112,-7
BRK,L,86,112,-26
BRK,L,106,109,-3
BRK,L,116,124,-8
BRK,L,109,129,-20
BRK,L,96,104,-8
BRK,L,90,95,-5
BRK,L,97,106,-9
BRK,L,95,103,-8
BRK,L,107,111,-4
BRK,L,110,114,-4
BRK,L,99,108,-9
BRK,L,103,112,-9
BRK,L,125,129,-4
BRK,L,109,129,-20
BRK,L,95,112,-17
BRK,W,109,100,9
BRK,L,97,112,-15
BRK,L,116,130,-14
BRK,W,122,109,13
BRK,L,105,110,-5
BRK,L,96,105,-9
BRK,W,120,112,8
BRK,L,104,122,-18
BRK,W,121,110,11
BRK,L,95,98,-3
BRK,L,104,111,-7
BRK,W,98,96,2
BRK,W,126,98,28
BRK,L,108,129,-21
BRK,W,107,92,15
BRK,L,101,106,-5
BRK,L,89,90,-1
BRK,W,121,111,10
BRK,W,91,82,9
BRK,W,141,118,23
BRK,L,107,115,-8
BRK,W,107,106,1
BRK,L,105,114,-9
BRK,L,73,112,-39
CHO,W,107,96,11
CHO,W,97,91,6
CHO,L,98,104,-6
CHO,W,109,93,16
CHO,W,99,95,4
CHO,W,122,100,22
CHO,W,104,98,6
CHO,L,111,113,-2
CHO,L,93,100,-7
CHO,W,115,108,7
CHO,W,100,96,4
CHO,L,116,121,-5
CHO,L,90,105,-15
CHO,L,114,119,-5
CHO,L,111,113,-2
CHO,W,107,102,5
CHO,W,104,85,19
CHO,L,89,112,-23
CHO,W,97,87,10
CHO,L,120,125,-5
CHO,W,109,101,8
CHO,W,87,77,10
CHO,W,109,88,21
CHO,L,105,116,-11
CHO,L,94,110,-16
CHO,L,106,109,-3
CHO,L,88,96,-8
CHO,W,107,99,8
CHO,W,117,113,4
CHO,W,103,91,12
CHO,L,118,120,-2
CHO,W,120,101,19
CHO,W,91,82,9
CHO,L,109,121,-12
CHO,L,111,118,-7
CHO,W,123,112,11
CHO,L,114,115,-1
CHO,L,85,102,-17
CHO,L,114,121,-7
CHO,L,93,102,-9
CHO,L,98,108,-10
CHO,W,107,85,22
CHO,W,113,78,35
CHO,W,112,105,7
CHO,L,99,109,-10
CHO,L,103,113,-10
CHO,L,107,110,-3
CHO,L,106,109,-3
CHO,L,98,115,-17
CHO,L,111,126,-15
CHO,L,98,105,-7
CHO,W,111,107,4
CHO,L,95,107,-12
CHO,L,102,107,-5
CHO,L,99,105,-6
CHO,L,85,90,-5
CHO,L,108,114,-6
CHO,W,99,85,14
CHO,L,121,124,-3
CHO,W,109,104,5
CHO,L,103,120,-17
CHO,W,112,102,10
CHO,W,100,88,12
CHO,L,101,108,-7
CHO,W,121,81,40
CHO,L,122,125,-3
CHO,L,109,115,-6
CHO,L,77,98,-21
CHO,W,98,93,5
CHO,W,105,90,15
CHO,W,109,102,7
CHO,L,105,112,-7
CHO,W,120,106,14
CHO,L,108,118,-10
CHO,W,110,106,4
CHO,W,122,114,8
CHO,W,113,101,12
CHO,L,111,118,-7
CHO,L,99,112,-13
CHO,L,114,121,-7
CHO,L,79,89,-10
CHO,L,76,103,-27
CHI,W,105,99,6
CHI,W,118,101,17
CHI,W,118,88,30
CHI,L,100,107,-7
CHI,L,104,117,-13
CHI,L,94,111,-17
CHI,W,112,80,32
CHI,L,107,115,-8
CHI,W,98,95,3
CHI,W,106,95,11
CHI,W,113,88,25
CHI,W,85,77,8
CHI,L,95,102,-7
CHI,W,118,110,8
CHI,L,107,110,-3
CHI,W,105,89,16
CHI,L,90,96,-6
CHI,W,111,105,6
CHI,L,82,107,-25
CHI,L,110,112,-2
CHI,L,91,102,-11
CHI,W,95,91,4
CHI,W,105,100,5
CHI,L,94,99,-5
CHI,L,97,108,-11
CHI,L,69,95,-26
CHI,W,113,82,31
CHI,L,97,107,-10
CHI,L,91,103,-12
CHI,L,100,119,-19
CHI,W,90,85,5
CHI,W,101,99,2
CHI,L,101,111,-10
CHI,L,96,116,-20
CHI,W,118,111,7
CHI,W,106,94,12
CHI,W,123,118,5
CHI,L,94,109,-15
CHI,L,99,101,-2
CHI,L,89,104,-15
CHI,W,107,99,8
CHI,W,108,104,4
CHI,L,98,99,-1
CHI,L,93,102,-9
CHI,W,102,99,3
CHI,W,100,92,8
CHI,L,114,119,-5
CHI,L,88,100,-12
CHI,W,121,108,13
CHI,W,128,100,28
CHI,L,117,121,-4
CHI,W,112,107,5
CHI,L,92,123,-31
CHI,L,97,115,-18
CHI,L,89,117,-28
CHI,W,105,94,11
CHI,W,104,103,1
CHI,W,128,121,7
CHI,W,117,99,18
CHI,L,107,125,-18
CHI,W,94,87,7
CHI,L,91,101,-10
CHI,L,95,109,-14
CHI,L,91,98,-7
CHI,L,94,115,-21
CHI,L,80,100,-20
CHI,W,115,109,6
CHI,L,91,98,-7
CHI,L,107,112,-5
CHI,W,95,86,9
CHI,L,120,122,-2
CHI,W,117,95,22
CHI,L,107,117,-10
CHI,W,109,94,15
CHI,W,99,93,6
CHI,W,106,104,2
CHI,W,117,110,7
CHI,L,91,100,-9
CHI,W,102,90,12
CHI,L,106,107,-1
CHI,W,122,75,47
CHI,W,112,73,39
CLE,W,117,88,29
CLE,W,94,91,3
CLE,W,105,99,6
CLE,W,128,120,8
CLE,W,128,122,6
CLE,W,102,101,1
CLE,L,106,110,-4
CLE,W,105,94,11
CLE,W,100,93,7
CLE,W,121,117,4
CLE,L,93,103,-10
CLE,W,104,81,23
CLE,W,137,125,12
CLE,W,128,90,38
CLE,W,112,108,4
CLE,L,101,118,-17
CLE,L,94,113,-19
CLE,L,105,111,-6
CLE,W,116,112,4
CLE,W,126,94,32
CLE,W,114,84,30
CLE,W,116,105,11
CLE,W,103,86,17
CLE,L,85,93,-8
CLE,W,119,108,11
CLE,W,114,108,6
CLE,W,113,102,11
CLE,W,119,99,20
CLE,W,109,108,1
CLE,L,90,106,-16
CLE,W,124,118,6
CLE,W,121,109,12
CLE,W,90,82,8
CLE,L,94,106,-12
CLE,W,116,108,8
CLE,W,120,116,4
CLE,L,92,100,-8
CLE,L,86,102,-16
CLE,W,120,108,12
CLE,L,91,126,-35
CLE,W,118,103,15
CLE,L,115,118,-3
CLE,L,122,124,-2
CLE,L,112,116,-4
CLE,W,124,116,8
CLE,W,107,91,16
CLE,L,97,104,-7
CLE,W,125,97,28
CLE,W,111,104,7
CLE,W,140,135,5
CLE,W,132,117,15
CLE,L,109,118,-9
CLE,W,125,109,16
CLE,W,116,108,8
CLE,W,113,104,9
CLE,W,119,104,15
CLE,L,99,117,-18
CLE,W,102,95,7
CLE,L,99,103,-4
CLE,W,135,130,5
CLE,L,92,120,-28
CLE,L,98,106,-8
CLE,L,101,106,-5
CLE,W,116,104,12
CLE,L,112,117,-5
CLE,W,128,96,32
CLE,W,91,83,8
CLE,L,78,108,-30
CLE,W,125,120,5
CLE,L,113,126,-13
CLE,W,112,105,7
CLE,L,115,127,-12
CLE,L,74,103,-29
CLE,L,93,99,-6
CLE,W,122,105,17
CLE,W,135,130,5
CLE,W,122,102,20
CLE,W,114,91,23
CLE,L,100,114,-14
CLE,L,125,126,-1
CLE,L,121,124,-3
CLE,L,83,98,-15
DAL,L,121,130,-9
DAL,L,98,106,-8
DAL,L,92,93,-1
DAL,L,81,97,-16
DAL,L,95,105,-10
DAL,W,86,75,11
DAL,W,109,97,12
DAL,L,95,116,-21
DAL,L,77,93,-16
DAL,L,83,90,-7
DAL,L,64,80,-16
DAL,L,87,95,-8
DAL,L,91,96,-5
DAL,L,104,124,-20
DAL,L,90,128,-38
DAL,W,91,81,10
DAL,L,87,94,-7
DAL,L,87,97,-10
DAL,W,107,82,25
DAL,L,101,109,-8
DAL,L,89,120,-31
DAL,W,111,103,8
DAL,L,87,109,-22
DAL,W,112,92,20
DAL,L,85,95,-10
DAL,L,100,103,-3
DAL,W,99,79,20
DAL,L,107,117,-10
DAL,W,96,95,1
DAL,W,90,88,2
DAL,L,104,111,-7
DAL,L,107,123,-16
DAL,W,101,89,12
DAL,L,99,108,-9
DAL,W,113,105,8
DAL,L,95,102,-7
DAL,L,82,97,-15
DAL,L,92,101,-9
DAL,W,113,108,5
DAL,W,98,87,11
DAL,W,99,98,1
DAL,L,95,99,-4
DAL,L,107,112,-5
DAL,W,122,73,49
DAL,W,103,95,8
DAL,L,98,109,-11
DAL,W,105,101,4
DAL,W,104,97,7
DAL,W,113,95,18
DAL,W,108,104,4
DAL,L,87,110,-23
DAL,L,113,114,-1
DAL,W,112,105,7
DAL,W,112,80,32
DAL,L,98,111,-13
DAL,L,91,98,-7
DAL,L,84,97,-13
DAL,W,96,83,13
DAL,W,96,89,7
DAL,L,95,100,-5
DAL,W,104,100,4
DAL,W,104,89,15
DAL,W,122,111,11
DAL,W,105,96,9
DAL,L,98,100,-2
DAL,L,78,100,-22
DAL,W,112,107,5
DAL,L,74,116,-42
DAL,W,111,104,7
DAL,L,87,112,-25
DAL,W,97,95,2
DAL,L,86,94,-8
DAL,L,91,92,-1
DAL,L,118,121,-3
DAL,L,90,99,-9
DAL,W,109,105,4
DAL,L,87,98,-11
DAL,L,101,112,-11
DAL,L,89,102,-13
DAL,L,111,124,-13
DAL,L,91,109,-18
DAL,W,100,93,7
DEN,W,107,102,5
DEN,L,113,115,-2
DEN,L,102,105,-3
DEN,W,102,99,3
DEN,L,86,103,-17
DEN,W,123,107,16
DEN,L,107,108,-1
DEN,L,101,125,-24
DEN,L,95,106,-11
DEN,L,105,112,-7
DEN,W,120,104,16
DEN,L,111,113,-2
DEN,W,105,91,14
DEN,W,110,107,3
DEN,L,83,108,-25
DEN,L,129,132,-3
DEN,W,120,114,6
DEN,L,98,106,-8
DEN,L,110,128,-18
DEN,L,98,105,-7
DEN,W,106,98,8
DEN,L,111,116,-5
DEN,L,85,92,-7
DEN,W,121,113,8
DEN,L,92,112,-20
DEN,W,132,120,12
DEN,W,127,114,13
DEN,W,117,107,10
DEN,L,102,119,-17
DEN,L,108,109,-1
DEN,W,106,102,4
DEN,W,105,103,2
DEN,L,122,124,-2
DEN,L,119,127,-8
DEN,L,113,120,-7
DEN,L,99,127,-28
DEN,L,106,121,-15
DEN,W,140,112,28
DEN,W,125,112,13
DEN,W,127,121,6
DEN,L,104,118,-14
DEN,W,123,98,25
DEN,L,108,111,-3
DEN,W,103,93,10
DEN,W,127,120,7
DEN,W,123,112,11
DEN,L,116,120,-4
DEN,L,99,119,-20
DEN,W,121,117,4
DEN,L,97,121,-24
DEN,W,110,87,23
DEN,L,106,117,-11
DEN,W,131,123,8
DEN,L,109,125,-16
DEN,W,132,110,22
DEN,L,99,112,-13
DEN,L,100,116,-16
DEN,W,129,109,20
DEN,L,98,105,-7
DEN,W,125,107,18
DEN,W,110,98,12
DEN,L,102,112,-10
DEN,W,108,96,12
DEN,L,113,123,-10
DEN,W,119,99,20
DEN,W,105,92,13
DEN,W,129,101,28
DEN,W,129,114,15
DEN,L,105,109,-4
DEN,L,124,125,-1
DEN,W,126,113,13
DEN,W,125,117,8
DEN,L,90,115,-25
DEN,L,113,122,-9
DEN,L,114,122,-8
DEN,W,116,113,3
DEN,W,134,131,3
DEN,L,104,110,-6
DEN,W,122,106,16
DEN,L,105,106,-1
DEN,W,109,91,18
DEN,W,111,105,6
DET,L,91,109,-18
DET,W,108,82,26
DET,W,98,83,15
DET,W,102,89,13
DET,L,101,109,-8
DET,W,103,86,17
DET,L,82,114,-32
DET,L,100,107,-7
DET,L,86,96,-10
DET,W,106,95,11
DET,W,104,88,16
DET,L,102,105,-3
DET,L,81,104,-23
DET,L,92,94,-2
DET,L,96,99,-3
DET,W,107,84,23
DET,W,108,97,11
DET,L,88,106,-18
DET,W,112,89,23
DET,W,121,114,7
DET,W,121,85,36
DET,L,92,98,-6
DET,W,102,91,11
DET,L,77,87,-10
DET,W,117,90,27
DET,L,79,97,-18
DET,W,95,85,10
DET,L,108,122,-14
DET,L,90,105,-15
DET,L,82,113,-31
DET,L,86,98,-12
DET,L,113,119,-6
DET,W,106,90,16
DET,L,94,119,-25
DET,L,98,105,-7
DET,W,107,98,9
DET,L,116,121,-5
DET,W,115,114,1
DET,W,125,124,1
DET,L,94,100,-6
DET,L,107,127,-20
DET,L,77,110,-33
DET,W,102,97,5
DET,W,118,95,23
DET,W,113,112,1
DET,L,104,109,-5
DET,L,103,116,-13
DET,L,109,113,-4
DET,W,118,98,20
DET,W,116,108,8
DET,L,84,105,-21
DET,W,113,96,17
DET,W,121,102,19
DET,L,92,103,-11
DET,W,102,101,1
DET,L,89,102,-13
DET,W,98,91,7
DET,W,114,108,6
DET,L,98,104,-6
DET,W,120,113,7
DET,L,86,109,-23
DET,W,136,106,30
DET,W,109,95,14
DET,L,98,115,-17
DET,W,106,101,5
DET,W,112,92,20
DET,L,96,128,-32
DET,L,83,97,-14
DET,L,75,87,-12
DET,W,112,95,17
DET,L,96,98,-2
DET,L,95,117,-22
DET,L,87,115,-28
DET,L,95,109,-14
DET,L,96,97,-1
DET,W,90,89,1
DET,L,105,108,-3
DET,L,102,105,-3
DET,W,114,109,5
DET,W,103,90,13
DET,L,101,105,-4
DET,L,109,113,-4
GSW,L,100,129,-29
GSW,W,122,114,8
GSW,W,106,100,6
GSW,W,127,104,23
GSW,W,122,96,26
GSW,L,97,117,-20
GSW,W,116,106,10
GSW,W,116,95,21
GSW,W,125,101,24
GSW,W,133,120,13
GSW,W,127,121,6
GSW,W,104,88,16
GSW,W,124,121,3
GSW,W,120,83,37
GSW,W,149,106,43
GSW,W,109,85,24
GSW,W,115,102,13
GSW,W,105,100,5
GSW,L,127,132,-5
GSW,W,138,109,29
GSW,W,142,106,36
GSW,W,115,98,17
GSW,W,106,99,7
GSW,L,89,110,-21
GSW,W,116,108,8
GSW,W,113,109,4
GSW,W,103,90,13
GSW,W,135,90,45
GSW,W,104,74,30
GSW,W,117,101,16
GSW,W,119,113,6
GSW,L,108,109,-1
GSW,W,121,111,10
GSW,W,108,99,9
GSW,W,127,119,8
GSW,W,125,117,8
GSW,L,119,128,-9
GSW,W,117,106,11
GSW,W,107,95,12
GSW,W,127,107,20
GSW,W,126,91,35
GSW,W,121,100,21
GSW,W,125,108,17
GSW,W,118,98,20
GSW,L,102,105,-3
GSW,W,113,103,10
GSW,W,144,98,46
GSW,W,113,111,2
GSW,W,126,111,15
GSW,W,133,120,13
GSW,L,106,109,-3
GSW,W,123,92,31
GSW,W,122,107,15
GSW,W,130,114,16
GSW,L,110,132,-22
GSW,W,109,86,23
GSW,W,123,113,10
GSW,W,112,95,17
GSW,W,119,108,11
GSW,L,108,112,-4
GSW,L,87,94,-7
GSW,W,112,105,7
GSW,W,119,111,8
GSW,L,86,99,-13
GSW,L,102,103,-1
GSW,L,85,107,-22
GSW,W,106,104,2
GSW,W,122,92,30
GSW,W,117,92,25
GSW,W,111,95,16
GSW,W,112,87,25
GSW,W,114,100,14
GSW,W,106,94,12
GSW,W,113,106,7
GSW,W,110,98,12
GSW,W,107,98,9
GSW,W,139,115,24
GSW,W,121,107,14
GSW,W,120,111,9
GSW,W,123,101,22
GSW,L,99,105,-6
GSW,W,109,94,15
HOU,L,114,120,-6
HOU,W,106,98,8
HOU,W,93,92,1
HOU,L,120,128,-8
HOU,W,118,99,19
HOU,L,97,112,-15
HOU,W,114,106,8
HOU,W,101,99,2
HOU,L,100,106,-6
HOU,W,115,88,27
HOU,L,103,105,-2
HOU,W,126,109,17
HOU,W,111,102,9
HOU,W,99,96,3
HOU,L,102,115,-13
HOU,W,117,104,13
HOU,W,130,114,16
HOU,L,101,120,-19
HOU,W,132,127,5
HOU,W,128,110,18
HOU,W,107,106,1
HOU,W,134,95,39
HOU,W,102,99,3
HOU,W,109,87,22
HOU,W,122,118,4
HOU,W,132,98,34
HOU,W,122,100,22
HOU,W,111,109,2
HOU,L,100,102,-2
HOU,W,125,111,14
HOU,L,109,115,-6
HOU,W,131,115,16
HOU,W,123,107,16
HOU,W,140,116,24
HOU,W,129,122,7
HOU,W,101,91,10
HOU,W,118,116,2
HOU,W,100,93,7
HOU,W,129,122,7
HOU,W,121,114,7
HOU,L,105,119,-14
HOU,L,105,110,-5
HOU,W,137,112,25
HOU,L,103,109,-6
HOU,W,111,92,19
HOU,L,108,125,-17
HOU,W,119,95,24
HOU,L,114,127,-13
HOU,L,109,120,-11
HOU,W,123,118,5
HOU,L,101,120,-19
HOU,W,105,83,22
HOU,L,108,113,-5
HOU,W,121,117,4
HOU,W,128,104,24
HOU,W,107,95,12
HOU,W,133,102,31
HOU,L,109,117,-8
HOU,W,129,99,30
HOU,W,142,130,12
HOU,L,108,117,-9
HOU,W,122,103,19
HOU,W,123,108,15
HOU,L,110,112,-2
HOU,L,108,115,-7
HOU,W,115,94,21
HOU,W,117,112,5
HOU,W,139,100,39
HOU,L,112,128,-16
HOU,W,109,105,4
HOU,W,125,124,1
HOU,W,117,107,10
HOU,W,137,125,12
HOU,L,106,113,-7
HOU,L,107,117,-10
HOU,L,98,107,-9
HOU,W,123,116,7
HOU,W,110,104,6
HOU,L,109,114,-5
HOU,W,135,128,7
HOU,L,96,125,-29
HOU,W,123,118,5
IND,W,130,121,9
IND,L,94,103,-9
IND,L,101,118,-17
IND,W,115,108,7
IND,L,107,125,-18
IND,W,111,94,17
IND,L,100,122,-22
IND,W,122,115,7
IND,L,105,109,-4
IND,L,99,105,-6
IND,W,88,69,19
IND,W,103,93,10
IND,L,96,116,-20
IND,W,115,111,4
IND,L,83,120,-37
IND,L,85,96,-11
IND,W,118,97,21
IND,W,91,70,21
IND,L,109,131,-22
IND,W,111,102,9
IND,L,106,142,-36
IND,W,109,94,15
IND,L,103,111,-8
IND,W,118,111,7
IND,W,110,94,16
IND,L,89,95,-6
IND,L,95,102,-7
IND,W,105,90,15
IND,W,107,105,2
IND,L,111,118,-7
IND,L,102,109,-7
IND,L,85,90,-5
IND,L,105,111,-6
IND,W,111,101,10
IND,W,117,104,13
IND,W,121,116,5
IND,W,121,109,12
IND,W,123,109,14
IND,L,112,140,-28
IND,W,98,95,3
IND,W,106,100,6
IND,L,95,108,-13
IND,L,100,109,-9
IND,L,103,109,-6
IND,W,109,103,6
IND,W,115,111,4
IND,W,120,101,19
IND,W,98,88,10
IND,W,106,97,9
IND,W,105,84,21
IND,W,93,90,3
IND,L,117,132,-15
IND,L,107,112,-5
IND,L,100,116,-16
IND,L,106,110,-4
IND,L,104,113,-9
IND,L,98,111,-13
IND,W,102,92,10
IND,L,95,113,-18
IND,W,117,108,9
IND,L,99,100,-1
IND,W,97,96,1
IND,L,88,100,-12
IND,W,115,98,17
IND,L,85,99,-14
IND,W,102,98,4
IND,L,81,87,-6
IND,W,98,77,21
IND,L,91,116,-25
IND,W,107,100,7
IND,L,100,109,-9
IND,L,117,125,-8
IND,W,107,94,13
IND,L,114,115,-1
IND,L,97,110,-13
IND,L,100,111,-11
IND,L,130,135,-5
IND,W,108,90,18
IND,W,104,89,15
IND,W,127,112,15
IND,W,120,111,9
IND,W,104,86,18
LAC,W,114,106,8
LAC,W,88,75,13
LAC,W,116,98,18
LAC,L,83,85,-2
LAC,W,99,88,11
LAC,W,116,92,24
LAC,W,114,82,32
LAC,W,111,80,31
LAC,W,110,108,2
LAC,W,119,105,14
LAC,W,127,95,32
LAC,L,107,111,-4
LAC,W,121,115,6
LAC,W,102,95,7
LAC,W,123,115,8
LAC,W,124,104,20
LAC,L,97,108,-11
LAC,L,70,91,-21
LAC,L,122,127,-5
LAC,W,113,94,19
LAC,W,114,96,18
LAC,L,102,111,-9
LAC,L,98,115,-17
LAC,W,133,105,28
LAC,W,121,120,1
LAC,W,113,108,5
LAC,W,102,98,4
LAC,L,110,117,-7
LAC,W,119,102,17
LAC,W,106,101,5
LAC,L,88,90,-2
LAC,L,102,111,-9
LAC,L,102,106,-4
LAC,L,98,102,-4
LAC,L,116,140,-24
LAC,L,88,114,-26
LAC,W,109,98,11
LAC,W,115,106,9
LAC,W,106,98,8
LAC,W,98,86,12
LAC,W,105,96,9
LAC,W,113,97,16
LAC,W,120,98,22
LAC,L,101,104,-3
LAC,L,98,123,-25
LAC,W,115,105,10
LAC,L,110,121,-11
LAC,L,98,144,-46
LAC,W,124,114,10
LAC,L,120,133,-13
LAC,L,102,107,-5
LAC,L,109,118,-9
LAC,W,119,115,4
LAC,W,107,102,5
LAC,W,88,72,16
LAC,W,99,84,15
LAC,L,113,123,-10
LAC,L,97,105,-8
LAC,W,124,121,3
LAC,L,103,122,-19
LAC,L,101,112,-11
LAC,W,101,91,10
LAC,W,116,102,14
LAC,L,91,107,-16
LAC,W,114,98,16
LAC,W,112,100,12
LAC,L,108,114,-6
LAC,L,96,97,-1
LAC,L,114,129,-15
LAC,W,108,78,30
LAC,W,114,105,9
LAC,W,133,109,24
LAC,L,95,97,-2
LAC,W,108,95,13
LAC,L,97,98,-1
LAC,W,133,124,9
LAC,W,124,118,6
LAC,W,115,104,11
LAC,W,112,101,11
LAC,W,98,87,11
LAC,W,125,96,29
LAC,W,115,95,20
LAL,W,120,114,6
LAL,L,89,96,-7
LAL,L,96,113,-17
LAL,L,108,115,-7
LAL,W,123,116,7
LAL,W,117,97,20
LAL,W,119,108,11
LAL,L,97,109,-12
LAL,W,101,91,10
LAL,W,126,99,27
LAL,L,99,125,-26
LAL,W,125,118,7
LAL,L,107,116,-9
LAL,L,110,118,-8
LAL,W,111,109,2
LAL,L,106,149,-43
LAL,L,85,109,-24
LAL,W,109,94,15
LAL,L,88,105,-17
LAL,W,96,90,6
LAL,L,80,113,-33
LAL,L,100,103,-3
LAL,L,101,107,-6
LAL,L,95,134,-39
LAL,L,115,119,-4
LAL,L,112,118,-6
LAL,L,92,116,-24
LAL,L,97,107,-10
LAL,W,100,89,11
LAL,L,108,119,-11
LAL,L,113,117,-4
LAL,L,107,115,-8
LAL,L,90,109,-19
LAL,W,111,102,9
LAL,L,100,102,-2
LAL,L,89,101,-12
LAL,L,114,123,-9
LAL,W,116,102,14
LAL,L,109,118,-9
LAL,W,127,100,27
LAL,W,111,95,16
LAL,L,87,108,-21
LAL,L,94,134,-40
LAL,L,97,113,-16
LAL,L,97,102,-5
LAL,L,121,127,-6
LAL,W,108,95,13
LAL,L,73,122,-49
LAL,L,98,105,-7
LAL,L,88,96,-8
LAL,W,120,116,4
LAL,L,108,116,-8
LAL,L,107,113,-6
LAL,W,121,107,14
LAL,L,102,121,-19
LAL,W,122,114,8
LAL,L,96,97,-1
LAL,L,101,137,-36
LAL,L,93,110,-17
LAL,L,98,119,-21
LAL,L,104,109,-5
LAL,L,95,115,-20
LAL,L,97,105,-8
LAL,L,111,122,-11
LAL,W,122,110,12
LAL,L,116,118,-2
LAL,L,101,129,-28
LAL,L,100,139,-39
LAL,L,103,107,-4
LAL,L,120,125,-5
LAL,L,109,133,-24
LAL,W,130,119,11
LAL,L,81,97,-16
LAL,L,108,119,-11
LAL,L,104,119,-15
LAL,L,104,115,-11
LAL,W,108,103,5
LAL,W,102,95,7
LAL,W,98,94,4
LAL,W,110,109,1
LAL,W,108,96,12
LAL,L,94,109,-15
MEM,W,102,98,4
MEM,L,104,111,-7
MEM,W,112,103,9
MEM,L,80,116,-36
MEM,W,89,83,6
MEM,L,88,99,-11
MEM,L,94,100,-6
MEM,W,108,107,1
MEM,L,96,106,-10
MEM,W,102,96,6
MEM,W,111,107,4
MEM,W,80,64,16
MEM,W,93,71,22
MEM,W,105,90,15
MEM,W,104,99,5
MEM,L,81,90,-9
MEM,W,110,107,3
MEM,L,85,104,-19
MEM,L,105,120,-15
MEM,W,95,94,1
MEM,W,103,100,3
MEM,W,110,108,2
MEM,W,96,91,5
MEM,W,88,86,2
MEM,W,110,89,21
MEM,L,86,103,-17
MEM,W,93,85,8
MEM,L,92,96,-4
MEM,L,73,82,-9
MEM,L,109,112,-3
MEM,W,98,86,12
MEM,W,115,109,6
MEM,L,102,112,-10
MEM,L,103,113,-10
MEM,W,114,80,34
MEM,W,112,98,14
MEM,L,102,116,-14
MEM,L,106,115,-9
MEM,W,128,119,9
MEM,W,88,79,9
MEM,L,95,103,-8
MEM,W,110,105,5
MEM,L,104,108,-4
MEM,L,101,104,-3
MEM,W,107,91,16
MEM,L,95,119,-24
MEM,W,101,99,2
MEM,L,109,112,-3
MEM,W,102,95,7
MEM,W,115,96,19
MEM,W,119,99,20
MEM,L,102,114,-12
MEM,W,107,99,8
MEM,W,89,74,15
MEM,W,110,91,19
MEM,L,107,122,-15
MEM,W,112,103,9
MEM,L,91,95,-4
MEM,L,92,102,-10
MEM,W,105,98,7
MEM,W,130,112,18
MEM,L,100,104,-4
MEM,L,108,123,-15
MEM,L,109,122,-13
MEM,L,98,114,-16
MEM,L,90,107,-17
MEM,W,113,93,20
MEM,W,98,91,7
MEM,W,103,91,12
MEM,W,104,96,8
MEM,L,82,95,-13
MEM,L,90,97,-7
MEM,L,94,106,-12
MEM,L,90,91,-1
MEM,W,110,97,13
MEM,W,99,90,9
MEM,L,103,108,-5
MEM,L,89,95,-6
MEM,L,100,103,-3
MEM,W,101,88,13
MEM,L,90,103,-13
MEM,L,93,100,-7
MIA,W,108,96,12
MIA,L,91,97,-6
MIA,L,99,106,-7
MIA,W,108,96,12
MIA,L,87,96,-9
MIA,L,85,97,-12
MIA,L,95,98,-3
MIA,L,91,102,-11
MIA,L,90,94,-4
MIA,L,90,93,-3
MIA,W,96,73,23
MIA,W,114,111,3
MIA,L,94,101,-7
MIA,L,84,107,-23
MIA,W,90,81,9
MIA,L,107,110,-3
MIA,L,104,112,-8
MIA,W,106,98,8
MIA,W,111,110,1
MIA,L,92,99,-7
MIA,L,103,114,-11
MIA,L,95,103,-8
MIA,L,84,114,-30
MIA,L,100,105,-5
MIA,W,112,101,11
MIA,W,95,89,6
MIA,L,98,102,-4
MIA,L,95,105,-10
MIA,L,130,136,-6
MIA,W,115,107,8
MIA,L,87,91,-4
MIA,L,94,106,-12
MIA,L,82,91,-9
MIA,L,114,117,-3
MIA,L,98,107,-9
MIA,L,90,99,-9
MIA,W,107,102,5
MIA,L,100,127,-27
MIA,L,86,98,-12
MIA,L,95,107,-12
MIA,L,108,116,-8
MIA,W,109,103,6
MIA,W,99,95,4
MIA,W,109,97,12
MIA,W,105,102,3
MIA,W,109,106,3
MIA,W,100,88,12
MIA,W,116,103,13
MIA,W,104,96,8
MIA,W,116,93,23
MIA,W,125,102,23
MIA,W,115,113,2
MIA,W,106,88,18
MIA,W,108,99,9
MIA,L,109,117,-8
MIA,L,107,116,-9
MIA,W,117,109,8
MIA,W,108,90,18
MIA,W,113,95,18
MIA,L,89,96,-7
MIA,W,125,98,27
MIA,L,99,110,-11
MIA,W,120,92,28
MIA,W,106,98,8
MIA,W,108,101,7
MIA,W,104,89,15
MIA,L,98,102,-4
MIA,W,120,112,8
MIA,W,123,105,18
MIA,L,104,115,-11
MIA,W,112,97,15
MIA,L,84,101,-17
MIA,L,108,112,-4
MIA,W,97,96,1
MIA,W,105,88,17
MIA,L,94,98,-4
MIA,L,113,116,-3
MIA,W,112,99,13
MIA,L,94,96,-2
MIA,W,106,103,3
MIA,W,124,121,3
MIA,W,110,102,8
MIL,L,96,107,-11
MIL,W,110,108,2
MIL,L,83,98,-15
MIL,W,117,113,4
MIL,W,125,107,18
MIL,W,117,91,26
MIL,L,75,86,-11
MIL,L,106,112,-6
MIL,W,106,96,10
MIL,L,100,107,-7
MIL,L,73,96,-23
MIL,L,121,124,-3
MIL,W,93,89,4
MIL,L,99,105,-6
MIL,W,104,96,8
MIL,W,118,101,17
MIL,W,111,93,18
MIL,W,112,103,9
MIL,L,96,97,-1
MIL,W,115,107,8
MIL,L,110,114,-4
MIL,L,105,110,-5
MIL,L,100,122,-22
MIL,W,108,97,11
MIL,W,95,69,26
MIL,L,108,114,-6
MIL,L,102,113,-11
MIL,W,123,96,27
MIL,L,102,107,-5
MIL,W,119,94,25
MIL,L,99,116,-17
MIL,W,116,96,20
MIL,W,98,94,4
MIL,W,105,104,1
MIL,L,111,116,-5
MIL,L,101,107,-6
MIL,W,109,107,2
MIL,W,116,108,8
MIL,L,98,111,-13
MIL,L,104,113,-9
MIL,L,92,111,-19
MIL,L,96,112,-16
MIL,L,97,109,-12
MIL,W,127,114,13
MIL,L,109,114,-5
MIL,L,86,102,-16
MIL,L,108,112,-4
MIL,L,88,104,-16
MIL,L,117,121,-4
MIL,W,137,112,25
MIL,L,88,106,-18
MIL,L,114,122,-8
MIL,W,116,100,16
MIL,W,102,89,13
MIL,W,129,125,4
MIL,L,95,109,-14
MIL,W,100,96,4
MIL,L,95,102,-7
MIL,L,98,110,-12
MIL,W,112,101,11
MIL,W,101,94,7
MIL,W,112,98,14
MIL,W,104,93,11
MIL,W,99,85,14
MIL,W,102,95,7
MIL,L,93,113,-20
MIL,W,97,96,1
MIL,W,107,103,4
MIL,L,92,117,-25
MIL,W,93,90,3
MIL,W,116,98,18
MIL,W,100,97,3
MIL,L,94,109,-15
MIL,W,118,108,10
MIL,W,103,100,3
MIL,W,108,105,3
MIL,L,105,109,-4
MIL,L,79,110,-31
MIL,L,89,104,-15
MIL,W,90,82,8
MIL,W,89,79,10
MIL,L,94,112,-18
MIN,L,98,102,-4
MIN,L,103,106,-3
MIN,W,116,80,36
MIN,L,99,102,-3
MIN,L,92,112,-20
MIN,L,110,119,-9
MIN,W,123,107,16
MIN,L,105,119,-14
MIN,W,125,99,26
MIN,L,108,115,-7
MIN,W,110,86,24
MIN,L,71,93,-22
MIN,L,93,99,-6
MIN,L,96,117,-21
MIN,W,98,85,13
MIN,L,102,115,-13
MIN,L,103,112,-9
MIN,L,104,106,-2
MIN,L,114,118,-4
MIN,W,125,120,5
MIN,L,91,105,-14
MIN,L,110,124,-14
MIN,L,90,117,-27
MIN,L,108,116,-8
MIN,W,99,94,5
MIN,L,109,111,-2
MIN,W,115,108,7
MIN,W,92,84,8
MIN,L,105,109,-4
MIN,L,100,112,-12
MIN,W,104,90,14
MIN,L,103,105,-2
MIN,W,116,99,17
MIN,L,89,95,-6
MIN,L,91,93,-2
MIN,L,105,112,-7
MIN,L,92,94,-2
MIN,W,101,92,9
MIN,W,119,105,14
MIN,W,96,86,10
MIN,L,87,98,-11
MIN,L,114,122,-8
MIN,W,104,101,3
MIN,W,111,108,3
MIN,W,112,111,1
MIN,L,103,109,-6
MIN,W,129,109,20
MIN,W,111,105,6
MIN,L,97,125,-28
MIN,L,108,116,-8
MIN,L,99,107,-8
MIN,L,113,115,-2
MIN,W,112,109,3
MIN,L,106,122,-16
MIN,W,117,89,28
MIN,L,108,116,-8
MIN,W,112,99,13
MIN,W,97,84,13
MIN,L,130,142,-12
MIN,W,102,88,14
MIN,W,107,80,27
MIN,L,90,97,-7
MIN,W,107,91,16
MIN,W,103,102,1
MIN,L,95,102,-7
MIN,W,119,104,15
MIN,L,104,117,-13
MIN,L,105,123,-18
MIN,L,109,123,-14
MIN,L,93,100,-7
MIN,L,119,130,-11
MIN,L,100,112,-12
MIN,W,115,114,1
MIN,W,119,104,15
MIN,L,117,123,-6
MIN,W,110,109,1
MIN,L,107,121,-14
MIN,L,98,105,-7
MIN,L,113,120,-7
MIN,L,109,110,-1
MIN,L,98,100,-2
MIN,L,118,123,-5
NOP,L,102,107,-5
NOP,L,114,122,-8
NOP,L,79,98,-19
NOP,L,113,117,-4
NOP,L,83,89,-6
NOP,L,111,112,-1
NOP,L,106,116,-10
NOP,L,94,102,-8
NOP,W,112,106,6
NOP,L,99,126,-27
NOP,W,106,105,1
NOP,L,82,89,-7
NOP,W,113,101,12
NOP,W,121,116,5
NOP,W,112,94,18
NOP,W,117,96,21
NOP,L,104,119,-15
NOP,L,81,91,-10
NOP,W,105,88,17
NOP,L,96,114,-18
NOP,L,92,101,-9
NOP,L,108,110,-2
NOP,L,88,99,-11
NOP,L,105,133,-28
NOP,W,120,119,1
NOP,L,109,113,-4
NOP,W,102,95,7
NOP,L,100,122,-22
NOP,L,100,113,-13
NOP,W,108,93,15
NOP,L,110,121,-11
NOP,W,91,87,4
NOP,W,111,104,7
NOP,W,102,98,4
NOP,W,104,92,12
NOP,L,82,90,-8
NOP,L,94,99,-5
NOP,L,108,117,-9
NOP,W,110,96,14
NOP,W,104,95,9
NOP,L,99,107,-8
NOP,L,95,98,-3
NOP,W,118,98,20
NOP,L,114,143,-29
NOP,W,124,122,2
NOP,L,105,114,-9
NOP,W,119,103,16
NOP,L,94,107,-13
NOP,L,106,108,-2
NOP,L,98,118,-20
NOP,L,91,105,-14
NOP,W,111,106,5
NOP,L,94,127,-33
NOP,W,122,106,16
NOP,L,99,105,-6
NOP,W,110,108,2
NOP,W,95,91,4
NOP,L,99,129,-30
NOP,L,83,96,-13
NOP,L,110,118,-8
NOP,W,109,86,23
NOP,L,98,101,-3
NOP,W,105,97,8
NOP,L,83,88,-5
NOP,L,87,94,-7
NOP,W,125,122,3
NOP,W,100,77,23
NOP,L,112,120,-8
NOP,W,128,112,16
NOP,W,123,109,14
NOP,W,95,82,13
NOP,L,107,117,-10
NOP,W,115,90,25
NOP,L,100,108,-8
NOP,W,121,118,3
NOP,W,117,89,28
NOP,L,110,117,-7
NOP,L,131,134,-3
NOP,L,106,122,-16
NOP,L,101,123,-22
NOP,L,96,108,-12
NOP,W,103,100,3
NYK,L,88,117,-29
NYK,W,111,104,7
NYK,L,89,102,-13
NYK,L,99,118,-19
NYK,W,117,104,13
NYK,L,109,114,-5
NYK,W,110,96,14
NYK,L,87,115,-28
NYK,L,107,118,-11
NYK,W,93,77,16
NYK,W,105,102,3
NYK,L,112,119,-7
NYK,W,104,94,10
NYK,W,107,103,4
NYK,W,113,111,2
NYK,L,102,107,-5
NYK,L,103,112,-9
NYK,W,106,104,2
NYK,W,118,114,4
NYK,W,106,98,8
NYK,W,114,103,11
NYK,L,94,126,-32
NYK,W,103,100,3
NYK,W,118,112,6
NYK,L,111,113,-2
NYK,L,90,103,-13
NYK,L,114,127,-13
NYK,W,118,111,7
NYK,W,106,95,11
NYK,L,114,119,-5
NYK,L,98,102,-4
NYK,L,92,104,-12
NYK,L,122,129,-7
NYK,L,103,115,-12
NYK,L,104,105,-1
NYK,W,116,111,5
NYK,L,109,123,-14
NYK,L,96,110,-14
NYK,L,97,98,-1
NYK,W,104,89,15
NYK,L,101,116,-15
NYK,L,107,108,-1
NYK,W,117,106,11
NYK,L,110,113,-3
NYK,L,105,107,-2
NYK,W,109,103,6
NYK,L,95,103,-8
NYK,W,110,107,3
NYK,L,139,142,-3
NYK,L,101,117,-16
NYK,W,95,90,5
NYK,L,104,111,-7
NYK,L,107,121,-14
NYK,L,115,119,-4
NYK,L,123,131,-8
NYK,W,94,90,4
NYK,L,105,116,-11
NYK,L,104,119,-15
NYK,W,110,109,1
NYK,L,91,92,-1
NYK,W,101,90,11
NYK,L,102,105,-3
NYK,L,105,112,-7
NYK,W,113,105,8
NYK,L,93,104,-11
NYK,L,92,112,-20
NYK,L,112,120,-8
NYK,W,87,81,6
NYK,L,110,121,-11
NYK,L,105,114,-9
NYK,L,101,108,-7
NYK,L,95,110,-15
NYK,L,98,106,-8
NYK,W,109,95,14
NYK,L,88,105,-17
NYK,W,98,94,4
NYK,L,94,110,-16
NYK,W,100,91,9
NYK,L,103,106,-3
NYK,L,88,101,-13
NYK,L,97,110,-13
NYK,W,114,113,1
OKC,W,103,97,6
OKC,W,113,110,3
OKC,W,113,96,17
OKC,W,85,83,2
OKC,L,96,122,-26
OKC,W,112,92,20
OKC,W,97,85,12
OKC,L,102,112,-10
OKC,L,108,110,-2
OKC,L,117,119,-2
OKC,L,88,104,-16
OKC,W,105,103,2
OKC,W,124,105,19
OKC,L,111,115,-4
OKC,L,109,111,-2
OKC,L,101,116,-15
OKC,W,132,129,3
OKC,W,106,88,18
OKC,W,112,103,9
OKC,W,126,115,11
OKC,W,101,92,9
OKC,W,102,99,3
OKC,L,99,102,-3
OKC,W,99,96,3
OKC,L,95,114,-19
OKC,L,89,109,-20
OKC,W,114,101,13
OKC,L,108,110,-2
OKC,W,121,110,11
OKC,W,117,112,5
OKC,W,112,100,12
OKC,W,106,94,12
OKC,L,80,114,-34
OKC,W,114,88,26
OKC,L,94,98,-4
OKC,L,112,123,-11
OKC,L,116,118,-2
OKC,W,121,106,15
OKC,W,109,94,15
OKC,W,103,95,8
OKC,L,86,96,-10
OKC,W,122,118,4
OKC,L,98,120,-22
OKC,L,100,121,-21
OKC,W,97,95,2
OKC,W,114,105,9
OKC,W,109,98,11
OKC,L,91,107,-16
OKC,L,94,108,-14
OKC,L,100,128,-28
OKC,W,114,102,12
OKC,W,105,99,6
OKC,L,90,93,-3
OKC,W,118,109,9
OKC,L,114,130,-16
OKC,L,98,120,-22
OKC,W,116,105,11
OKC,W,110,93,17
OKC,W,118,110,8
OKC,W,109,106,3
OKC,L,109,114,-5
OKC,L,111,118,-7
OKC,L,89,104,-15
OKC,L,121,126,-5
OKC,W,102,92,10
OKC,W,112,104,8
OKC,W,122,104,18
OKC,W,123,102,21
OKC,W,110,94,16
OKC,L,95,111,-16
OKC,W,122,97,25
OKC,L,125,137,-12
OKC,W,92,91,1
OKC,W,114,106,8
OKC,L,95,100,-5
OKC,L,101,113,-12
OKC,W,110,79,31
OKC,W,103,100,3
OKC,L,99,120,-21
OKC,W,106,105,1
OKC,W,100,98,2
OKC,L,105,111,-6
ORL,L,96,108,-12
ORL,L,82,108,-26
ORL,L,99,105,-6
ORL,W,103,101,2
ORL,W,102,94,8
ORL,W,88,86,2
ORL,L,80,112,-32
ORL,L,107,123,-16
ORL,L,74,87,-13
ORL,W,119,117,2
ORL,L,69,88,-19
ORL,W,89,82,7
ORL,W,95,87,8
ORL,L,89,93,-4
ORL,L,87,92,-5
ORL,L,91,94,-3
ORL,L,96,104,-8
ORL,W,95,83,12
ORL,L,94,95,-1
ORL,W,105,88,17
ORL,W,98,92,6
ORL,W,124,116,8
ORL,L,87,117,-30
ORL,L,88,109,-21
ORL,L,113,121,-8
ORL,W,131,120,11
ORL,L,108,113,-5
ORL,W,118,111,7
ORL,L,79,109,-30
ORL,W,136,130,6
ORL,L,95,106,-11
ORL,W,109,90,19
ORL,W,112,102,10
ORL,L,101,120,-19
ORL,L,104,117,-13
ORL,W,115,103,12
ORL,L,92,111,-19
ORL,L,93,100,-7
ORL,L,95,111,-16
ORL,L,96,105,-9
ORL,W,115,109,6
ORL,L,107,114,-7
ORL,L,112,125,-13
ORL,L,98,118,-20
ORL,W,112,96,16
ORL,L,98,118,-20
ORL,L,92,100,-8
ORL,L,98,128,-30
ORL,W,114,113,1
ORL,L,105,111,-6
ORL,L,88,98,-10
ORL,W,102,94,8
ORL,L,86,113,-27
ORL,L,104,128,-24
ORL,L,111,112,-1
ORL,L,80,112,-32
ORL,W,116,107,9
ORL,L,79,107,-28
ORL,L,103,112,-9
ORL,W,105,86,19
ORL,L,90,101,-11
ORL,W,110,99,11
ORL,L,114,115,-1
ORL,L,105,113,-8
ORL,W,98,91,7
ORL,L,81,121,-40
ORL,L,104,116,-12
ORL,L,115,120,-5
ORL,L,92,122,-30
ORL,W,109,103,6
ORL,W,112,109,3
ORL,L,102,109,-7
ORL,W,115,87,28
ORL,L,112,131,-19
ORL,L,106,114,-8
ORL,L,116,117,-1
ORL,L,111,121,-10
ORL,L,102,122,-20
ORL,W,115,107,8
ORL,L,112,127,-15
ORL,L,75,122,-47
ORL,W,113,109,4
PHI,L,97,103,-6
PHI,L,72,104,-32
PHI,L,101,103,-2
PHI,L,93,109,-16
PHI,L,101,102,-1
PHI,L,84,109,-25
PHI,L,115,122,-7
PHI,W,109,105,4
PHI,L,96,117,-21
PHI,L,88,115,-27
PHI,W,109,102,7
PHI,L,86,110,-24
PHI,W,120,105,15
PHI,W,101,94,7
PHI,L,99,104,-5
PHI,L,89,105,-16
PHI,L,108,112,-4
PHI,L,95,122,-27
PHI,L,88,105,-17
PHI,L,106,107,-1
PHI,L,98,106,-8
PHI,L,91,96,-5
PHI,W,99,88,11
PHI,W,97,79,18
PHI,L,114,123,-9
PHI,L,89,100,-11
PHI,W,108,107,1
PHI,L,93,108,-15
PHI,L,116,123,-7
PHI,L,100,102,-2
PHI,L,83,100,-17
PHI,W,124,122,2
PHI,W,93,91,2
PHI,L,106,110,-4
PHI,W,105,95,10
PHI,W,98,97,1
PHI,W,102,93,9
PHI,L,93,109,-16
PHI,W,113,104,9
PHI,W,94,89,5
PHI,W,93,92,1
PHI,L,93,110,-17
PHI,W,121,110,11
PHI,W,114,109,5
PHI,L,118,123,-5
PHI,L,108,121,-13
PHI,W,122,119,3
PHI,L,95,113,-18
PHI,L,86,102,-16
PHI,L,102,125,-23
PHI,L,96,113,-17
PHI,L,103,111,-8
PHI,W,112,111,1
PHI,W,117,109,8
PHI,W,105,99,6
PHI,L,108,116,-8
PHI,W,120,112,8
PHI,L,109,110,-1
PHI,L,108,119,-11
PHI,L,98,125,-27
PHI,W,105,102,3
PHI,L,106,136,-30
PHI,L,98,112,-14
PHI,L,108,114,-6
PHI,L,100,112,-12
PHI,W,118,116,2
PHI,L,104,106,-2
PHI,W,116,74,42
PHI,W,105,99,6
PHI,L,109,112,-3
PHI,L,97,122,-25
PHI,W,117,107,10
PHI,L,94,107,-13
PHI,W,106,101,5
PHI,L,92,99,-7
PHI,L,105,122,-17
PHI,L,105,113,-8
PHI,L,118,141,-23
PHI,L,90,102,-12
PHI,L,82,90,-8
PHI,L,111,120,-9
PHI,L,113,114,-1
PHO,L,94,113,-19
PHO,L,110,113,-3
PHO,L,100,106,-6
PHO,L,98,116,-18
PHO,W,118,115,3
PHO,W,112,111,1
PHO,L,108,119,-11
PHO,L,121,124,-3
PHO,W,107,100,7
PHO,L,104,122,-18
PHO,L,120,133,-13
PHO,L,104,120,-16
PHO,W,116,96,20
PHO,L,105,120,-15
PHO,L,101,106,-5
PHO,W,92,87,5
PHO,L,85,98,-13
PHO,L,114,120,-6
PHO,W,109,107,2
PHO,L,109,138,-29
PHO,L,105,112,-7
PHO,L,94,109,-15
PHO,W,119,115,4
PHO,L,119,120,-1
PHO,W,113,111,2
PHO,L,92,107,-15
PHO,L,101,114,-13
PHO,L,108,115,-7
PHO,L,111,125,-14
PHO,W,123,116,7
PHO,L,115,131,-16
PHO,L,98,119,-21
PHO,W,99,91,8
PHO,L,86,91,-5
PHO,L,98,109,-11
PHO,W,99,90,9
PHO,W,102,95,7
PHO,L,116,120,-4
PHO,L,108,113,-5
PHO,W,108,105,3
PHO,L,101,106,-5
PHO,L,103,118,-15
PHO,W,107,105,2
PHO,W,115,103,12
PHO,L,111,112,-1
PHO,L,120,127,-7
PHO,L,112,123,-11
PHO,L,96,115,-19
PHO,L,114,124,-10
PHO,W,105,103,2
PHO,L,112,137,-25
PHO,L,106,111,-5
PHO,L,91,110,-19
PHO,W,115,97,18
PHO,L,102,133,-31
PHO,L,108,110,-2
PHO,W,137,101,36
PHO,L,121,128,-7
PHO,L,96,100,-4
PHO,L,112,130,-18
PHO,W,120,103,17
PHO,W,118,111,7
PHO,W,109,106,3
PHO,L,127,131,-4
PHO,L,110,122,-12
PHO,W,100,98,2
PHO,L,101,110,-9
PHO,L,101,107,-6
PHO,L,103,109,-6
PHO,L,95,112,-17
PHO,L,97,112,-15
PHO,L,98,126,-28
PHO,L,120,130,-10
PHO,L,106,120,-14
PHO,L,91,95,-4
PHO,L,118,124,-6
PHO,L,117,130,-13
PHO,L,116,123,-7
PHO,L,111,120,-9
PHO,W,120,99,21
PHO,W,124,111,13
PHO,L,104,129,-25
POR,W,113,104,9
POR,L,106,114,-8
POR,W,115,113,2
POR,L,104,127,-23
POR,L,115,118,-3
POR,W,105,95,10
POR,W,100,94,6
POR,W,124,121,3
POR,L,80,111,-31
POR,W,122,120,2
POR,W,112,105,7
POR,L,88,113,-25
POR,L,109,126,-17
POR,L,101,113,-12
POR,W,129,109,20
POR,L,103,107,-4
POR,L,125,137,-12
POR,W,119,104,15
POR,L,114,130,-16
POR,W,131,109,22
POR,W,99,92,7
POR,W,112,110,2
POR,L,107,115,-8
POR,L,86,88,-2
POR,L,111,118,-7
POR,L,120,121,-1
POR,W,114,95,19
POR,L,120,132,-12
POR,L,90,135,-45
POR,L,121,126,-5
POR,L,95,96,-1
POR,L,90,110,-20
POR,L,91,95,-4
POR,W,102,89,13
POR,L,94,110,-16
POR,W,95,89,6
POR,L,117,125,-8
POR,W,118,109,9
POR,L,124,125,-1
POR,W,108,87,21
POR,W,102,86,16
POR,L,109,115,-6
POR,L,101,120,-19
POR,L,85,107,-22
POR,L,92,93,-1
POR,W,127,123,4
POR,W,105,98,7
POR,W,112,109,3
POR,L,111,113,-2
POR,W,115,98,17
POR,L,104,108,-4
POR,L,99,105,-6
POR,W,114,113,1
POR,L,111,120,-9
POR,L,104,109,-5
POR,L,88,111,-23
POR,W,112,103,9
POR,L,106,112,-6
POR,L,113,120,-7
POR,W,114,109,5
POR,W,130,116,14
POR,W,126,121,5
POR,W,114,108,6
POR,L,124,125,-1
POR,W,110,101,9
POR,L,77,100,-23
POR,W,110,106,4
POR,W,113,97,16
POR,W,115,104,11
POR,L,90,93,-3
POR,W,110,95,15
POR,W,112,100,12
POR,W,97,81,16
POR,W,122,113,9
POR,W,117,107,10
POR,W,130,117,13
POR,L,109,110,-1
POR,L,87,106,-19
POR,W,105,98,7
POR,W,101,86,15
POR,W,99,98,1
POR,L,100,103,-3
SAC,W,113,94,19
SAC,L,94,102,-8
SAC,W,106,103,3
SAC,L,95,106,-11
SAC,L,96,108,-12
SAC,L,94,102,-8
SAC,L,91,117,-26
SAC,W,96,91,5
SAC,W,102,94,8
SAC,L,91,101,-10
SAC,L,120,122,-2
SAC,L,105,110,-5
SAC,L,115,121,-6
SAC,W,102,99,3
SAC,W,116,101,15
SAC,L,104,117,-13
SAC,W,122,105,17
SAC,L,95,101,-6
SAC,L,92,97,-5
SAC,L,98,106,-8
SAC,W,120,89,31
SAC,L,100,103,-3
SAC,L,84,104,-20
SAC,W,116,92,24
SAC,L,98,132,-34
SAC,W,96,92,4
SAC,L,79,99,-20
SAC,W,126,121,5
SAC,W,94,93,1
SAC,W,109,105,4
SAC,W,102,100,2
SAC,L,89,102,-13
SAC,L,98,112,-14
SAC,W,120,113,7
SAC,L,102,107,-5
SAC,L,98,106,-8
SAC,L,106,117,-11
SAC,W,100,94,6
SAC,L,108,120,-12
SAC,L,118,122,-4
SAC,L,100,106,-6
SAC,L,91,107,-16
SAC,L,99,102,-3
SAC,W,109,104,5
SAC,W,116,112,4
SAC,L,111,115,-4
SAC,W,109,106,3
SAC,L,119,122,-3
SAC,L,83,105,-22
SAC,L,103,105,-2
SAC,W,109,106,3
SAC,L,107,112,-5
SAC,W,108,92,16
SAC,W,108,107,1
SAC,W,105,99,6
SAC,W,97,96,1
SAC,L,86,109,-23
SAC,W,116,100,16
SAC,L,85,99,-14
SAC,L,88,102,-14
SAC,L,100,109,-9
SAC,L,109,110,-1
SAC,L,96,108,-12
SAC,L,104,114,-10
SAC,L,122,130,-8
SAC,L,92,105,-13
SAC,W,120,115,5
SAC,W,107,101,6
SAC,L,94,110,-16
SAC,L,102,118,-16
SAC,L,98,116,-18
SAC,L,100,114,-14
SAC,W,98,97,1
SAC,W,91,90,1
SAC,L,82,112,-30
SAC,L,89,117,-28
SAC,W,123,117,6
SAC,W,98,87,11
SAC,L,94,98,-4
SAC,L,128,135,-7
SAC,W,129,104,25
SAC,L,95,115,-20
SAS,W,129,100,29
SAS,W,102,94,8
SAS,W,98,79,19
SAS,W,106,99,7
SAS,L,91,106,-15
SAS,W,100,86,14
SAS,L,92,116,-24
SAS,L,99,101,-2
SAS,W,96,86,10
SAS,W,106,100,6
SAS,W,94,90,4
SAS,W,110,105,5
SAS,W,116,107,9
SAS,W,96,91,5
SAS,W,119,114,5
SAS,W,109,103,6
SAS,W,112,100,12
SAS,L,83,95,-12
SAS,W,94,87,7
SAS,W,107,105,2
SAS,W,97,96,1
SAS,W,105,91,14
SAS,L,91,95,-4
SAS,W,130,101,29
SAS,W,108,101,7
SAS,W,107,92,15
SAS,W,113,100,13
SAS,W,102,100,2
SAS,L,101,106,-5
SAS,W,110,90,20
SAS,W,119,100,19
SAS,W,119,98,21
SAS,W,110,94,16
SAS,L,112,114,-2
SAS,W,110,82,28
SAS,W,127,99,28
SAS,W,102,85,17
SAS,L,107,109,-2
SAS,W,134,94,40
SAS,L,105,108,-3
SAS,W,122,114,8
SAS,W,118,104,14
SAS,W,118,115,3
SAS,W,112,86,26
SAS,W,108,106,2
SAS,L,103,119,-16
SAS,L,101,105,-4
SAS,W,108,94,14
SAS,W,102,86,16
SAS,W,121,97,24
SAS,L,74,89,-15
SAS,W,111,103,8
SAS,W,103,92,11
SAS,L,90,94,-4
SAS,W,110,106,4
SAS,W,107,79,28
SAS,W,105,97,8
SAS,W,119,98,21
SAS,W,100,99,1
SAS,W,101,98,3
SAS,W,97,90,7
SAS,W,112,110,2
SAS,W,114,104,10
SAS,L,92,102,-10
SAS,W,107,85,22
SAS,W,107,99,8
SAS,L,106,110,-4
SAS,L,96,104,-8
SAS,W,118,102,16
SAS,W,100,93,7
SAS,W,97,90,7
SAS,W,106,98,8
SAS,W,103,74,29
SAS,L,98,110,-12
SAS,W,100,95,5
SAS,W,109,103,6
SAS,W,95,89,6
SAS,L,95,102,-7
SAS,W,102,89,13
SAS,L,87,98,-11
SAS,L,98,99,-1
SAS,L,97,101,-4
TOR,W,109,91,18
TOR,L,91,94,-3
TOR,W,105,102,3
TOR,W,113,103,10
TOR,W,96,87,9
TOR,L,91,96,-5
TOR,W,112,102,10
TOR,W,113,111,2
TOR,W,118,107,11
TOR,L,117,121,-4
TOR,L,121,127,-6
TOR,W,113,111,2
TOR,L,99,102,-3
TOR,L,115,123,-8
TOR,W,115,102,13
TOR,W,105,99,6
TOR,W,122,95,27
TOR,W,120,105,15
TOR,W,113,80,33
TOR,W,128,84,44
TOR,L,112,116,-4
TOR,W,124,110,14
TOR,W,101,94,7
TOR,W,122,100,22
TOR,W,123,114,9
TOR,L,121,125,-4
TOR,W,109,79,30
TOR,W,116,104,12
TOR,W,104,98,6
TOR,W,95,91,4
TOR,L,111,121,-10
TOR,L,91,99,-8
TOR,W,123,114,9
TOR,L,82,110,-28
TOR,W,101,93,8
TOR,L,118,123,-5
TOR,L,122,129,-7
TOR,W,114,106,8
TOR,W,132,113,19
TOR,W,116,101,15
TOR,W,119,109,10
TOR,L,89,94,-5
TOR,L,78,113,-35
TOR,L,103,115,-12
TOR,L,106,108,-2
TOR,L,99,101,-2
TOR,W,102,86,16
TOR,L,113,114,-1
TOR,W,108,106,2
TOR,L,104,109,-5
TOR,L,94,102,-8
TOR,W,103,95,8
TOR,W,118,109,9
TOR,L,109,112,-3
TOR,L,101,102,-1
TOR,L,94,105,-11
TOR,W,90,85,5
TOR,W,107,97,10
TOR,W,112,106,6
TOR,W,92,91,1
TOR,L,96,105,-9
TOR,W,114,106,8
TOR,L,94,101,-7
TOR,W,94,87,7
TOR,L,99,105,-6
TOR,L,89,104,-15
TOR,W,100,78,22
TOR,L,102,123,-21
TOR,W,87,75,12
TOR,W,116,91,25
TOR,W,122,120,2
TOR,W,101,84,17
TOR,W,94,86,8
TOR,W,131,112,19
TOR,L,106,110,-4
TOR,W,111,100,11
TOR,W,113,105,8
TOR,L,90,108,-18
TOR,W,105,102,3
TOR,W,96,94,2
TOR,W,110,97,13
TOR,W,98,83,15
UTA,L,104,113,-9
UTA,W,96,89,7
UTA,L,75,88,-13
UTA,W,106,91,15
UTA,W,97,81,16
UTA,L,86,100,-14
UTA,W,114,109,5
UTA,W,109,84,25
UTA,L,98,104,-6
UTA,W,87,74,13
UTA,W,102,91,11
UTA,L,96,102,-6
UTA,L,77,85,-8
UTA,L,102,111,-9
UTA,L,91,105,-14
UTA,W,108,83,25
UTA,W,95,68,27
UTA,W,112,103,9
UTA,W,120,101,19
UTA,L,110,111,-1
UTA,W,105,98,7
UTA,W,107,101,6
UTA,W,112,105,7
UTA,L,99,106,-7
UTA,W,104,84,20
UTA,W,109,89,20
UTA,W,103,100,3
UTA,W,82,73,9
UTA,L,74,104,-30
UTA,L,93,94,-1
UTA,L,98,104,-6
UTA,W,102,100,2
UTA,W,100,83,17
UTA,W,91,86,5
UTA,W,101,89,12
UTA,L,104,115,-11
UTA,L,93,101,-8
UTA,W,94,92,2
UTA,L,79,88,-9
UTA,W,100,92,8
UTA,W,110,77,33
UTA,W,114,107,7
UTA,W,106,101,5
UTA,W,112,107,5
UTA,W,109,100,9
UTA,L,95,97,-2
UTA,L,93,103,-10
UTA,W,96,88,8
UTA,L,95,102,-7
UTA,W,104,88,16
UTA,W,105,98,7
UTA,W,120,95,25
UTA,W,127,94,33
UTA,L,105,112,-7
UTA,L,104,112,-8
UTA,L,72,88,-16
UTA,W,111,88,23
UTA,W,109,95,14
UTA,W,102,92,10
UTA,L,106,109,-3
UTA,L,80,107,-27
UTA,W,112,97,15
UTA,W,110,109,1
UTA,W,88,83,5
UTA,W,115,108,7
UTA,L,104,112,-8
UTA,W,114,108,6
UTA,W,97,83,14
UTA,L,83,91,-8
UTA,L,86,95,-9
UTA,L,100,107,-7
UTA,W,108,101,7
UTA,L,95,108,-13
UTA,W,108,100,8
UTA,W,112,82,30
UTA,W,95,88,7
UTA,L,103,109,-6
UTA,W,106,87,19
UTA,W,120,113,7
UTA,L,86,101,-15
UTA,W,105,99,6
UTA,W,101,97,4
WAS,L,99,114,-15
WAS,L,103,112,-9
WAS,L,103,113,-10
WAS,W,95,92,3
WAS,L,86,88,-2
WAS,L,106,114,-8
WAS,W,118,93,25
WAS,L,94,105,-11
WAS,L,95,106,-11
WAS,L,102,109,-7
WAS,W,119,112,7
WAS,L,111,114,-3
WAS,W,106,101,5
WAS,W,94,91,3
WAS,L,100,112,-12
WAS,W,101,95,6
WAS,L,115,126,-11
WAS,L,105,107,-2
WAS,W,118,113,5
WAS,L,116,124,-8
WAS,W,92,85,7
WAS,W,110,105,5
WAS,L,101,112,-11
WAS,W,109,106,3
WAS,W,122,108,14
WAS,W,117,110,7
WAS,L,105,107,-2
WAS,W,107,97,10
WAS,L,96,123,-27
WAS,W,107,102,5
WAS,W,111,105,6
WAS,W,118,95,23
WAS,L,91,101,-10
WAS,L,105,113,-8
WAS,W,112,105,7
WAS,W,107,101,6
WAS,W,101,99,2
WAS,L,108,117,-9
WAS,W,109,93,16
WAS,W,120,101,19
WAS,W,104,101,3
WAS,W,113,110,3
WAS,L,112,113,-1
WAS,W,109,99,10
WAS,W,123,108,15
WAS,W,112,86,26
WAS,W,107,94,13
WAS,W,117,101,16
WAS,W,116,108,8
WAS,W,105,91,14
WAS,L,135,140,-5
WAS,W,114,110,4
WAS,W,112,107,5
WAS,W,120,98,22
WAS,W,111,98,13
WAS,L,112,120,-8
WAS,L,92,102,-10
WAS,W,112,108,4
WAS,W,105,96,9
WAS,L,106,114,-8
WAS,W,115,114,1
WAS,W,131,127,4
WAS,W,123,113,10
WAS,W,130,122,8
WAS,W,125,124,1
WAS,L,104,119,-15
WAS,L,107,112,-5
WAS,W,112,107,5
WAS,L,93,98,-5
WAS,L,102,110,-8
WAS,W,104,100,4
WAS,W,129,108,21
WAS,W,127,115,12
WAS,W,119,108,11
WAS,L,124,133,-9
WAS,L,88,95,-7
WAS,L,115,139,-24
WAS,W,118,111,7
WAS,W,106,103,3
WAS,L,103,106,-3
WAS,W,105,101,4
WAS,L,102,110,-8
ATL,W,117,111,6
ATL,L,91,109,-18
ATL,L,104,116,-12
ATL,L,93,104,-11
ATL,L,86,91,-5
ATL,L,100,105,-5
ATL,L,106,117,-11
ATL,L,109,119,-10
ATL,L,104,119,-15
ATL,W,117,115,2
ATL,L,107,110,-3
ATL,L,104,111,-7
ATL,L,94,113,-19
ATL,L,105,106,-1
ATL,W,126,80,46
ATL,L,99,110,-11
ATL,L,85,96,-11
ATL,L,103,116,-13
ATL,W,116,104,12
ATL,L,78,112,-34
ATL,L,114,121,-7
ATL,W,114,102,12
ATL,L,90,110,-20
ATL,L,106,110,-4
ATL,W,117,110,7
ATL,L,107,111,-4
ATL,L,114,123,-9
ATL,L,91,105,-14
ATL,L,94,96,-2
ATL,W,110,104,6
ATL,L,95,105,-10
ATL,L,117,120,-3
ATL,W,112,107,5
ATL,W,113,99,14
ATL,L,98,111,-13
ATL,W,104,89,15
ATL,L,103,104,-1
ATL,L,89,110,-21
ATL,L,113,132,-19
ATL,L,107,108,-1
ATL,W,110,97,13
ATL,L,105,110,-5
ATL,W,102,99,3
ATL,W,94,93,1
ATL,L,97,113,-16
ATL,W,104,90,14
ATL,L,93,108,-15
ATL,L,110,121,-11
ATL,L,104,129,-25
ATL,W,105,100,5
ATL,L,110,123,-13
ATL,L,110,119,-9
ATL,W,99,96,3
ATL,W,108,82,26
ATL,L,98,100,-2
ATL,L,107,123,-16
ATL,W,118,115,3
ATL,L,92,97,-5
ATL,L,98,104,-6
ATL,L,93,116,-23
ATL,L,104,123,-19
ATL,W,107,102,5
ATL,L,109,114,-5
ATL,W,113,112,1
ATL,L,90,106,-16
ATL,L,87,112,-25
ATL,L,122,129,-7
ATL,L,107,119,-12
ATL,L,117,129,-12
ATL,L,117,122,-5
ATL,W,99,94,5
ATL,L,90,105,-15
ATL,L,94,106,-12
ATL,L,99,118,-19
BOS,L,99,102,-3
BOS,L,100,108,-8
BOS,W,102,92,10
BOS,W,110,89,21
BOS,W,96,89,7
BOS,W,96,90,6
BOS,W,108,94,14
BOS,W,113,86,27
BOS,W,101,94,7
BOS,W,104,88,16
BOS,W,110,107,3
BOS,W,107,96,11
BOS,W,90,87,3
BOS,W,95,94,1
BOS,W,109,102,7
BOS,W,92,88,4
BOS,W,110,99,11
BOS,W,110,102,8
BOS,L,98,104,-6
BOS,W,118,103,15
BOS,W,108,98,10
BOS,L,108,118,-10
BOS,W,108,97,11
BOS,W,116,111,5
BOS,W,111,100,11
BOS,W,97,90,7
BOS,L,102,105,-3
BOS,W,91,81,10
BOS,L,85,108,-23
BOS,W,124,118,6
BOS,L,95,107,-12
BOS,W,102,93,9
BOS,W,112,111,1
BOS,L,89,90,-1
BOS,L,93,102,-9
BOS,W,117,92,25
BOS,L,103,111,-8
BOS,W,102,91,11
BOS,W,99,98,1
BOS,W,108,105,3
BOS,W,102,88,14
BOS,W,91,84,7
BOS,W,87,85,2
BOS,W,114,103,11
BOS,L,113,116,-3
BOS,L,80,89,-9
BOS,L,95,103,-8
BOS,L,107,108,-1
BOS,W,113,102,11
BOS,L,105,109,-4
BOS,W,111,110,1
BOS,W,103,73,30
BOS,W,119,110,9
BOS,W,97,96,1
BOS,L,91,111,-20
BOS,W,110,104,6
BOS,L,91,97,-6
BOS,L,99,121,-22
BOS,L,119,129,-10
BOS,W,110,98,12
BOS,W,121,112,9
BOS,W,109,98,11
BOS,W,134,106,28
BOS,L,120,123,-3
BOS,W,105,89,16
BOS,W,117,109,8
BOS,L,97,99,-2
BOS,L,124,125,-1
BOS,W,92,83,9
BOS,L,89,108,-19
BOS,W,100,99,1
BOS,W,105,100,5
BOS,W,104,93,11
BRK,L,131,140,-9
BRK,W,126,121,5
BRK,W,116,104,12
BRK,L,121,125,-4
BRK,W,112,107,5
BRK,L,86,107,-21
BRK,L,111,124,-13
BRK,L,114,122,-8
BRK,L,112,124,-12
BRK,W,98,92,6
BRK,L,104,112,-8
BRK,W,101,97,4
BRK,L,106,114,-8
BRK,L,102,109,-7
BRK,W,118,107,11
BRK,L,111,118,-7
BRK,L,109,119,-10
BRK,L,125,127,-2
BRK,W,98,88,10
BRK,L,103,117,-14
BRK,W,109,104,5
BRK,L,102,114,-12
BRK,W,110,90,20
BRK,W,100,95,5
BRK,L,89,101,-12
BRK,W,103,98,5
BRK,L,104,111,-7
BRK,L,87,120,-33
BRK,L,97,109,-12
BRK,L,99,104,-5
BRK,W,119,84,35
BRK,L,119,123,-4
BRK,L,97,109,-12
BRK,L,113,128,-15
BRK,W,111,87,24
BRK,L,105,108,-3
BRK,W,98,95,3
BRK,W,98,97,1
BRK,L,85,87,-2
BRK,L,113,114,-1
BRK,L,80,114,-34
BRK,W,110,105,5
BRK,L,113,119,-6
BRK,L,104,119,-15
BRK,L,95,100,-5
BRK,W,101,95,6
BRK,W,101,100,1
BRK,L,108,109,-1
BRK,L,91,116,-25
BRK,L,97,111,-14
BRK,L,95,111,-16
BRK,W,116,108,8
BRK,L,99,102,-3
BRK,L,94,109,-15
BRK,L,113,123,-10
BRK,L,106,115,-9
BRK,L,128,138,-10
BRK,L,101,114,-13
BRK,L,103,108,-5
BRK,L,96,111,-15
BRK,W,104,87,17
BRK,L,123,129,-6
BRK,L,111,116,-5
BRK,L,120,123,-3
BRK,L,101,114,-13
BRK,W,125,111,14
BRK,L,97,120,-23
BRK,L,102,116,-14
BRK,L,116,120,-4
BRK,W,114,106,8
BRK,W,118,115,3
BRK,L,105,111,-6
BRK,L,112,116,-4
BRK,L,114,121,-7
CHO,L,90,102,-12
CHO,W,109,91,18
CHO,L,94,103,-9
CHO,W,110,93,17
CHO,L,93,109,-16
CHO,W,120,113,7
CHO,W,104,99,5
CHO,W,126,121,5
CHO,L,101,108,-7
CHO,L,94,112,-18
CHO,L,113,118,-5
CHO,L,87,90,-3
CHO,L,107,115,-8
CHO,L,120,123,-3
CHO,W,102,87,15
CHO,W,118,102,16
CHO,W,129,124,5
CHO,L,99,100,-1
CHO,L,86,106,-20
CHO,L,113,126,-13
CHO,L,100,105,-5
CHO,W,104,94,10
CHO,L,87,101,-14
CHO,L,111,119,-8
CHO,L,99,110,-11
CHO,W,116,103,13
CHO,L,96,108,-12
CHO,L,98,104,-6
CHO,L,91,93,-2
CHO,W,109,91,18
CHO,L,111,129,-18
CHO,L,104,109,-5
CHO,W,111,106,5
CHO,L,91,102,-11
CHO,W,111,100,11
CHO,L,98,106,-8
CHO,W,131,111,20
CHO,W,108,94,14
CHO,L,111,115,-4
CHO,W,99,88,11
CHO,L,91,101,-10
CHO,W,118,107,11
CHO,W,133,109,24
CHO,L,105,106,-1
CHO,W,112,107,5
CHO,L,96,101,-5
CHO,W,121,110,11
CHO,L,91,95,-4
CHO,L,96,105,-9
CHO,W,123,110,13
CHO,W,133,126,7
CHO,W,115,110,5
CHO,L,104,121,-17
CHO,L,103,109,-6
CHO,L,94,106,-12
CHO,L,103,123,-20
CHO,W,104,102,2
CHO,W,111,96,15
CHO,W,122,105,17
CHO,W,114,98,16
CHO,W,118,103,15
CHO,L,106,134,-28
CHO,L,99,110,-11
CHO,L,98,103,-5
CHO,L,114,128,-14
CHO,L,111,125,-14
CHO,W,122,115,7
CHO,L,115,119,-4
CHO,W,129,117,12
CHO,L,101,124,-23
CHO,L,94,108,-14
CHO,W,111,105,6
CHO,W,140,79,61
CHO,W,102,98,4
CHI,L,100,117,-17
CHI,L,77,87,-10
CHI,L,112,119,-7
CHI,W,91,86,5
CHI,L,69,101,-32
CHI,L,91,97,-6
CHI,W,105,83,22
CHI,L,90,96,-6
CHI,L,114,119,-5
CHI,L,87,105,-18
CHI,L,94,133,-39
CHI,L,79,92,-13
CHI,W,123,120,3
CHI,L,105,113,-8
CHI,L,94,103,-9
CHI,L,80,110,-30
CHI,L,94,143,-49
CHI,L,93,100,-7
CHI,L,99,104,-5
CHI,L,110,111,-1
CHI,L,106,107,-1
CHI,L,91,113,-22
CHI,L,96,98,-2
CHI,W,119,111,8
CHI,W,104,102,2
CHI,W,108,85,23
CHI,W,103,100,3
CHI,W,115,109,6
CHI,W,117,115,2
CHI,W,112,94,18
CHI,L,112,115,-3
CHI,L,92,117,-25
CHI,W,115,106,9
CHI,W,92,87,5
CHI,W,119,107,12
CHI,L,110,114,-4
CHI,L,120,124,-4
CHI,L,115,124,-9
CHI,W,127,124,3
CHI,L,86,125,-39
CHI,L,107,116,-9
CHI,W,122,119,3
CHI,W,107,105,2
CHI,W,119,111,8
CHI,L,112,119,-7
CHI,W,113,97,16
CHI,L,128,132,-4
CHI,L,101,115,-14
CHI,L,103,108,-5
CHI,L,96,110,-14
CHI,L,108,124,-16
CHI,L,103,113,-10
CHI,L,98,104,-6
CHI,W,114,113,1
CHI,L,90,101,-11
CHI,W,105,101,4
CHI,L,98,122,-24
CHI,L,115,116,-1
CHI,L,104,122,-18
CHI,L,87,104,-17
CHI,L,103,118,-15
CHI,W,108,100,8
CHI,L,89,105,-16
CHI,W,119,110,9
CHI,L,83,99,-16
CHI,W,129,122,7
CHI,L,106,112,-6
CHI,W,111,110,1
CHI,L,109,114,-5
CHI,L,92,110,-18
CHI,L,102,135,-33
CHI,L,105,118,-13
CHI,L,95,117,-22
CLE,W,102,99,3
CLE,W,116,97,19
CLE,L,93,114,-21
CLE,W,119,112,7
CLE,L,107,112,-5
CLE,L,101,123,-22
CLE,L,95,114,-19
CLE,L,107,124,-17
CLE,W,130,122,8
CLE,L,115,117,-2
CLE,W,124,119,5
CLE,L,113,117,-4
CLE,W,111,104,7
CLE,W,104,101,3
CLE,W,115,107,8
CLE,W,118,113,5
CLE,W,116,88,28
CLE,W,119,109,10
CLE,W,100,99,1
CLE,W,113,91,22
CLE,W,108,97,11
CLE,W,121,114,7
CLE,W,116,111,5
CLE,W,113,91,22
CLE,W,101,95,6
CLE,L,102,106,-4
CLE,W,105,98,7
CLE,W,123,114,9
CLE,W,121,112,9
CLE,W,109,100,9
CLE,W,106,99,7
CLE,L,116,119,-3
CLE,W,115,112,3
CLE,L,92,99,-7
CLE,L,95,109,-14
CLE,L,101,104,-3
CLE,W,127,110,17
CLE,L,88,102,-14
CLE,W,131,127,4
CLE,L,99,127,-28
CLE,L,99,133,-34
CLE,L,95,97,-2
CLE,L,108,118,-10
CLE,W,104,103,1
CLE,L,124,148,-24
CLE,L,102,114,-12
CLE,W,115,108,7
CLE,W,121,104,17
CLE,L,114,125,-11
CLE,W,91,89,2
CLE,L,88,120,-32
CLE,L,98,116,-18
CLE,W,140,138,2
CLE,W,123,107,16
CLE,W,121,99,22
CLE,W,120,112,8
CLE,L,103,110,-7
CLE,W,112,89,23
CLE,L,94,110,-16
CLE,W,129,123,6
CLE,L,97,108,-11
CLE,L,117,126,-9
CLE,W,112,90,22
CLE,W,113,108,5
CLE,L,102,116,-14
CLE,L,113,127,-14
CLE,W,129,107,22
CLE,L,105,113,-8
CLE,W,114,109,5
CLE,W,124,117,7
CLE,W,132,129,3
CLE,W,120,95,25
CLE,W,121,114,7
DAL,L,111,117,-6
DAL,L,88,93,-5
DAL,L,91,107,-16
DAL,L,103,133,-30
DAL,W,103,94,9
DAL,L,91,96,-5
DAL,L,110,112,-2
DAL,L,89,104,-15
DAL,L,98,119,-21
DAL,L,94,99,-5
DAL,L,99,112,-13
DAL,W,113,99,14
DAL,L,104,111,-7
DAL,L,99,112,-13
DAL,L,91,97,-6
DAL,L,87,111,-24
DAL,W,111,79,32
DAL,L,102,110,-8
DAL,W,95,94,1
DAL,W,97,81,16
DAL,L,108,115,-7
DAL,L,104,109,-5
DAL,W,108,82,26
DAL,W,122,105,17
DAL,L,90,97,-7
DAL,L,102,109,-7
DAL,L,92,97,-5
DAL,W,95,89,6
DAL,L,97,112,-15
DAL,L,96,98,-2
DAL,L,91,97,-6
DAL,W,110,93,17
DAL,L,101,113,-12
DAL,L,107,112,-5
DAL,W,98,93,5
DAL,W,98,94,4
DAL,W,128,120,8
DAL,W,116,113,3
DAL,L,122,125,-3
DAL,L,124,127,-3
DAL,L,96,100,-4
DAL,W,114,99,15
DAL,W,115,111,4
DAL,L,101,107,-6
DAL,L,102,105,-3
DAL,L,108,117,-9
DAL,W,98,75,23
DAL,L,97,104,-7
DAL,L,93,107,-14
DAL,L,89,91,-2
DAL,L,88,95,-7
DAL,L,88,102,-14
DAL,W,106,99,7
DAL,L,101,104,-3
DAL,L,103,121,-18
DAL,W,130,123,7
DAL,L,97,104,-7
DAL,L,109,114,-5
DAL,L,102,124,-22
DAL,L,90,97,-7
DAL,W,109,103,6
DAL,L,110,111,-1
DAL,L,100,108,-8
DAL,L,109,126,-17
DAL,W,118,107,11
DAL,W,114,80,34
DAL,L,82,105,-23
DAL,W,110,97,13
DAL,L,115,122,-7
DAL,L,106,114,-8
DAL,L,105,115,-10
DAL,L,112,119,-7
DAL,L,98,102,-4
DEN,L,96,106,-10
DEN,W,96,79,17
DEN,L,104,109,-5
DEN,L,93,110,-17
DEN,W,105,100,5
DEN,W,124,111,13
DEN,L,110,116,-6
DEN,W,129,111,18
DEN,W,95,94,1
DEN,L,108,127,-19
DEN,W,112,104,8
DEN,W,102,94,8
DEN,W,125,107,18
DEN,L,82,99,-17
DEN,W,146,114,32
DEN,L,109,127,-18
DEN,W,114,98,16
DEN,L,95,125,-30
DEN,W,104,92,12
DEN,L,77,106,-29
DEN,W,111,110,1
DEN,W,115,100,15
DEN,L,105,122,-17
DEN,L,114,123,-9
DEN,W,103,89,14
DEN,L,116,126,-10
DEN,W,103,84,19
DEN,L,118,124,-6
DEN,W,117,111,6
DEN,L,94,95,-1
DEN,L,104,112,-8
DEN,W,102,85,17
DEN,W,96,81,15
DEN,W,107,83,24
DEN,L,125,128,-3
DEN,L,102,107,-5
DEN,W,134,111,23
DEN,W,99,91,8
DEN,L,98,106,-8
DEN,L,114,124,-10
DEN,L,97,110,-13
DEN,W,87,78,9
DEN,L,80,112,-32
DEN,W,105,102,3
DEN,L,104,109,-5
DEN,L,100,108,-8
DEN,W,104,101,3
DEN,W,130,118,12
DEN,W,91,89,2
DEN,L,110,111,-1
DEN,L,104,106,-2
DEN,W,127,124,3
DEN,W,115,108,7
DEN,W,121,104,17
DEN,L,104,130,-26
DEN,W,123,113,10
DEN,W,117,109,8
DEN,W,134,123,11
DEN,W,122,119,3
DEN,L,114,119,-5
DEN,L,120,122,-2
DEN,W,108,102,6
DEN,W,126,117,9
DEN,L,107,118,-11
DEN,L,108,113,-5
DEN,W,125,116,9
DEN,W,130,104,26
DEN,L,103,112,-9
DEN,W,120,113,7
DEN,L,94,101,-7
DEN,L,141,149,-8
DEN,W,135,102,33
DEN,W,108,100,8
DET,W,102,90,12
DET,L,111,115,-4
DET,W,111,107,4
DET,L,86,97,-11
DET,W,122,101,21
DET,W,95,87,8
DET,W,115,107,8
DET,L,93,113,-20
DET,W,105,96,9
DET,W,108,99,9
DET,W,114,97,17
DET,W,111,104,7
DET,W,112,103,9
DET,L,95,99,-4
DET,L,100,107,-7
DET,W,100,97,3
DET,L,88,116,-28
DET,W,99,98,1
DET,W,118,108,10
DET,W,131,107,24
DET,L,91,109,-18
DET,L,103,108,-5
DET,L,93,96,-3
DET,L,100,104,-4
DET,L,98,102,-4
DET,L,81,91,-10
DET,L,84,103,-19
DET,W,105,91,14
DET,W,104,98,6
DET,W,114,110,4
DET,L,93,110,-17
DET,W,104,101,3
DET,W,107,83,24
DET,L,89,102,-13
DET,W,93,79,14
DET,L,104,111,-7
DET,L,78,114,-36
DET,W,108,101,7
DET,L,109,112,-3
DET,W,114,80,34
DET,L,105,107,-2
DET,L,107,118,-11
DET,L,91,96,-5
DET,L,112,122,-10
DET,L,100,101,-1
DET,L,95,98,-3
DET,L,108,121,-13
DET,L,104,121,-17
DET,W,125,114,11
DET,W,104,102,2
DET,W,111,107,4
DET,W,111,91,20
DET,W,115,106,9
DET,L,95,108,-13
DET,L,115,118,-3
DET,L,103,118,-15
DET,W,104,98,6
DET,L,98,110,-12
DET,L,98,114,-16
DET,L,94,123,-29
DET,W,110,87,23
DET,L,106,115,-9
DET,L,96,105,-9
DET,L,90,112,-22
DET,L,119,121,-2
DET,W,99,83,16
DET,L,79,110,-31
DET,L,113,120,-7
DET,L,87,100,-13
DET,W,106,90,16
DET,W,115,88,27
DET,L,96,100,-4
DET,W,117,95,22
GSW,L,121,122,-1
GSW,W,128,120,8
GSW,L,101,111,-10
GSW,W,133,103,30
GSW,W,117,112,5
GSW,W,120,117,3
GSW,L,107,115,-8
GSW,W,141,113,28
GSW,W,112,92,20
GSW,W,127,108,19
GSW,W,97,80,17
GSW,W,125,101,24
GSW,W,135,114,21
GSW,W,110,100,10
GSW,L,88,92,-4
GSW,W,124,116,8
GSW,W,118,111,7
GSW,L,91,108,-17
GSW,W,143,94,49
GSW,W,110,95,15
GSW,L,106,110,-4
GSW,W,127,123,4
GSW,W,133,112,21
GSW,W,123,95,28
GSW,W,125,115,10
GSW,W,101,87,14
GSW,W,102,98,4
GSW,W,111,104,7
GSW,W,112,97,15
GSW,W,116,114,2
GSW,W,97,84,13
GSW,W,113,106,7
GSW,L,81,96,-15
GSW,W,99,92,7
GSW,W,126,101,25
GSW,L,100,111,-11
GSW,W,141,128,13
GSW,W,125,122,3
GSW,W,124,114,10
GSW,W,121,105,16
GSW,W,124,114,10
GSW,L,106,125,-19
GSW,W,108,94,14
GSW,W,127,125,2
GSW,W,118,108,10
GSW,W,119,112,7
GSW,L,108,116,-8
GSW,W,123,112,11
GSW,W,126,113,13
GSW,W,109,105,4
GSW,L,99,129,-30
GSW,W,119,104,15
GSW,L,108,115,-7
GSW,L,105,125,-20
GSW,W,121,103,18
GSW,W,122,105,17
GSW,W,129,83,46
GSW,L,117,123,-6
GSW,W,134,127,7
GSW,W,112,80,32
GSW,W,125,111,14
GSW,W,109,101,8
GSW,W,114,109,5
GSW,W,114,101,13
GSW,W,110,107,3
GSW,L,108,125,-17
GSW,L,103,109,-6
GSW,W,117,106,11
GSW,L,93,98,-5
GSW,W,124,109,15
GSW,L,75,89,-14
GSW,W,106,94,12
GSW,L,91,110,-19
HOU,W,122,121,1
HOU,W,105,100,5
HOU,W,107,91,16
HOU,L,90,98,-8
HOU,W,105,104,1
HOU,W,109,93,16
HOU,L,89,103,-14
HOU,L,107,115,-8
HOU,W,119,97,22
HOU,W,119,104,15
HOU,W,137,110,27
HOU,W,117,113,4
HOU,W,111,96,15
HOU,W,118,95,23
HOU,L,113,129,-16
HOU,W,142,116,26
HOU,W,105,83,22
HOU,W,125,95,30
HOU,W,117,102,15
HOU,W,117,103,14
HOU,W,118,97,21
HOU,W,118,95,23
HOU,W,112,101,11
HOU,W,124,117,7
HOU,W,130,123,7
HOU,W,108,96,12
HOU,W,124,109,15
HOU,W,115,111,4
HOU,W,120,99,21
HOU,L,116,122,-6
HOU,L,118,128,-10
HOU,L,107,112,-5
HOU,L,98,99,-1
HOU,L,103,121,-18
HOU,W,148,142,6
HOU,W,116,98,18
HOU,L,114,124,-10
HOU,L,101,108,-7
HOU,W,116,107,9
HOU,W,121,112,9
HOU,W,112,95,17
HOU,L,102,113,-11
HOU,W,116,98,18
HOU,W,116,108,8
HOU,W,99,90,9
HOU,W,104,97,7
HOU,L,113,115,-2
HOU,W,113,102,11
HOU,W,114,107,7
HOU,W,102,91,11
HOU,W,120,88,32
HOU,W,123,113,10
HOU,W,109,101,8
HOU,W,130,104,26
HOU,W,104,97,7
HOU,W,126,108,18
HOU,W,100,91,9
HOU,W,120,102,18
HOU,W,119,114,5
HOU,W,96,85,11
HOU,W,105,92,13
HOU,W,123,120,3
HOU,W,122,112,10
HOU,W,110,99,11
HOU,L,105,108,-3
HOU,W,105,82,23
HOU,W,109,93,16
HOU,W,101,96,5
HOU,W,107,101,6
HOU,W,129,120,9
HOU,W,115,111,4
HOU,W,100,96,4
HOU,W,114,91,23
HOU,W,118,99,19
IND,W,140,131,9
IND,L,96,114,-18
IND,L,108,112,-4
IND,W,130,107,23
IND,L,96,114,-18
IND,W,97,94,3
IND,W,101,83,18
IND,W,124,107,17
IND,L,110,121,-11
IND,L,101,108,-7
IND,L,112,117,-5
IND,L,97,114,-17
IND,W,105,87,18
IND,L,95,118,-23
IND,W,116,113,3
IND,W,107,100,7
IND,W,120,95,25
IND,W,105,97,8
IND,W,107,104,3
IND,L,98,108,-10
IND,W,121,109,12
IND,L,97,118,-21
IND,L,115,120,-5
IND,W,115,97,18
IND,W,98,96,2
IND,W,106,102,4
IND,W,126,116,10
IND,L,95,100,-5
IND,L,98,104,-6
IND,W,109,97,12
IND,L,111,112,-1
IND,W,105,95,10
IND,W,123,119,4
IND,L,83,107,-24
IND,L,94,98,-4
IND,L,107,119,-12
IND,L,90,107,-17
IND,L,101,122,-21
IND,W,125,86,39
IND,W,109,96,13
IND,L,106,114,-8
IND,W,97,95,2
IND,W,120,97,23
IND,W,109,94,15
IND,L,86,100,-14
IND,L,86,99,-13
IND,W,94,86,8
IND,W,116,101,15
IND,L,108,115,-7
IND,W,114,112,2
IND,W,105,96,9
IND,W,105,101,4
IND,L,126,133,-7
IND,W,100,92,8
IND,L,102,111,-9
IND,W,97,91,6
IND,W,121,113,8
IND,W,108,103,5
IND,W,116,93,23
IND,L,103,109,-6
IND,L,102,107,-5
IND,W,103,96,7
IND,W,98,95,3
IND,W,92,89,3
IND,L,84,104,-20
IND,W,112,87,25
IND,W,99,97,2
IND,W,101,98,3
IND,L,99,106,-7
IND,L,102,109,-7
IND,W,110,100,10
IND,L,92,96,-4
IND,W,109,104,5
IND,W,113,107,6
LAC,W,108,92,16
LAC,W,130,88,42
LAC,W,102,84,18
LAC,W,104,103,1
LAC,L,87,95,-8
LAC,L,113,141,-28
LAC,W,119,98,21
LAC,L,104,113,-9
LAC,L,101,104,-3
LAC,L,107,120,-13
LAC,L,111,120,-9
LAC,L,103,111,-8
LAC,L,105,109,-4
LAC,L,113,118,-5
LAC,L,87,102,-15
LAC,L,85,107,-22
LAC,W,116,103,13
LAC,W,97,95,2
LAC,W,120,115,5
LAC,L,107,126,-19
LAC,L,82,108,-26
LAC,L,106,112,-6
LAC,L,107,113,-6
LAC,W,113,112,1
LAC,W,96,91,5
LAC,W,106,95,11
LAC,L,91,100,-9
LAC,L,85,90,-5
LAC,L,91,109,-18
LAC,W,108,95,13
LAC,W,128,118,10
LAC,L,112,115,-3
LAC,W,122,95,27
LAC,W,121,106,15
LAC,W,106,98,8
LAC,W,113,105,8
LAC,L,117,127,-10
LAC,L,105,121,-16
LAC,W,108,107,1
LAC,W,125,106,19
LAC,W,121,115,6
LAC,W,126,105,21
LAC,W,113,102,11
LAC,W,109,104,5
LAC,L,113,125,-12
LAC,L,118,126,-8
LAC,L,102,113,-11
LAC,W,109,100,9
LAC,W,112,103,9
LAC,L,96,104,-8
LAC,W,113,103,10
LAC,W,104,101,3
LAC,W,108,95,13
LAC,L,98,112,-14
LAC,W,114,101,13
LAC,W,129,119,10
LAC,L,127,134,-7
LAC,W,128,117,11
LAC,W,122,120,2
LAC,L,92,105,-13
LAC,W,128,105,23
LAC,W,123,120,3
LAC,L,116,121,-5
LAC,W,116,102,14
LAC,W,113,105,8
LAC,W,112,106,6
LAC,L,96,101,-5
LAC,L,113,121,-8
LAC,L,109,122,-13
LAC,L,109,123,-14
LAC,W,127,120,7
LAC,L,104,109,-5
LAC,W,117,106,11
LAL,L,92,108,-16
LAL,W,132,130,2
LAL,L,112,119,-7
LAL,W,102,99,3
LAL,L,92,101,-9
LAL,L,81,96,-15
LAL,W,113,93,20
LAL,L,110,113,-3
LAL,W,124,112,12
LAL,W,107,102,5
LAL,L,96,107,-11
LAL,L,95,111,-16
LAL,L,90,98,-8
LAL,W,100,93,7
LAL,L,109,115,-6
LAL,L,113,122,-9
LAL,W,127,109,18
LAL,W,103,94,9
LAL,L,102,113,-11
LAL,L,115,120,-5
LAL,L,123,127,-4
LAL,L,100,115,-15
LAL,L,95,118,-23
LAL,W,107,104,3
LAL,W,110,99,11
LAL,L,109,113,-4
LAL,L,112,121,-9
LAL,L,114,116,-2
LAL,W,122,116,6
LAL,L,106,113,-7
LAL,L,92,95,-3
LAL,L,104,121,-17
LAL,L,99,109,-10
LAL,L,106,121,-15
LAL,L,142,148,-6
LAL,L,96,114,-18
LAL,L,96,133,-37
LAL,L,94,108,-14
LAL,W,132,113,19
LAL,W,99,86,13
LAL,W,93,81,12
LAL,W,107,101,6
LAL,L,114,123,-9
LAL,L,90,114,-24
LAL,W,99,86,13
LAL,W,127,107,20
LAL,W,108,107,1
LAL,W,108,103,5
LAL,L,111,123,-12
LAL,L,105,127,-22
LAL,W,102,99,3
LAL,W,108,104,4
LAL,W,112,93,19
LAL,W,106,81,25
LAL,L,123,130,-7
LAL,L,117,139,-22
LAL,L,111,119,-8
LAL,W,124,102,22
LAL,W,113,108,5
LAL,W,123,104,19
LAL,W,131,113,18
LAL,W,116,112,4
LAL,L,103,108,-5
LAL,W,108,107,1
LAL,L,116,125,-9
LAL,W,127,113,14
LAL,W,112,103,9
LAL,L,106,117,-11
LAL,L,91,92,-1
LAL,L,100,110,-10
LAL,L,125,128,-3
LAL,W,100,93,7
MEM,W,103,91,12
MEM,W,111,101,10
MEM,W,98,90,8
MEM,L,94,103,-9
MEM,W,96,91,5
MEM,W,103,89,14
MEM,L,99,104,-5
MEM,L,99,101,-2
MEM,W,113,104,9
MEM,L,102,107,-5
MEM,W,98,97,1
MEM,L,96,111,-15
MEM,L,103,110,-7
MEM,L,113,116,-3
MEM,L,83,105,-22
MEM,L,92,100,-8
MEM,L,94,95,-1
MEM,L,92,104,-12
MEM,L,88,98,-10
MEM,L,95,104,-9
MEM,L,79,95,-16
MEM,L,111,116,-5
MEM,W,95,92,3
MEM,L,88,99,-11
MEM,L,107,116,-9
MEM,L,101,102,-1
MEM,L,82,107,-25
MEM,L,87,93,-6
MEM,W,96,94,2
MEM,L,93,102,-9
MEM,L,84,97,-13
MEM,L,95,97,-2
MEM,W,115,112,3
MEM,L,97,99,-2
MEM,W,109,99,10
MEM,L,128,141,-13
MEM,W,114,96,18
MEM,L,105,113,-8
MEM,L,100,102,-2
MEM,W,105,102,3
MEM,L,78,87,-9
MEM,W,123,114,9
MEM,W,105,99,6
MEM,W,106,88,18
MEM,L,104,111,-7
MEM,W,105,101,4
MEM,L,85,108,-23
MEM,L,100,109,-9
MEM,W,120,109,11
MEM,L,101,105,-4
MEM,L,102,104,-2
MEM,L,86,101,-15
MEM,L,82,108,-26
MEM,L,88,92,-4
MEM,L,92,110,-18
MEM,L,114,121,-7
MEM,L,89,112,-23
MEM,L,89,115,-26
MEM,L,98,109,-11
MEM,L,102,110,-8
MEM,L,102,108,-6
MEM,L,100,107,-7
MEM,L,98,100,-2
MEM,L,110,119,-9
MEM,L,78,95,-17
MEM,L,80,114,-34
MEM,L,103,121,-18
MEM,L,110,111,-1
MEM,W,101,94,7
MEM,L,115,118,-3
MEM,L,105,119,-14
MEM,L,79,140,-61
MEM,L,93,100,-7
MIA,L,109,116,-7
MIA,W,112,108,4
MIA,W,104,93,11
MIA,L,100,117,-17
MIA,L,90,96,-6
MIA,L,122,125,-3
MIA,W,97,91,6
MIA,L,94,95,-1
MIA,W,104,101,3
MIA,L,80,97,-17
MIA,W,126,115,11
MIA,W,84,74,10
MIA,L,103,112,-9
MIA,L,93,102,-9
MIA,W,91,88,3
MIA,L,95,120,-25
MIA,W,104,98,6
MIA,W,109,97,12
MIA,W,100,93,7
MIA,L,97,108,-11
MIA,L,86,115,-29
MIA,W,105,100,5
MIA,L,95,123,-28
MIA,L,105,117,-12
MIA,W,101,89,12
MIA,W,107,82,25
MIA,L,95,102,-7
MIA,W,104,98,6
MIA,W,90,85,5
MIA,L,104,110,-6
MIA,W,90,89,1
MIA,W,113,101,12
MIA,L,94,109,-15
MIA,W,107,89,18
MIA,L,87,111,-24
MIA,W,117,111,6
MIA,W,111,104,7
MIA,W,107,103,4
MIA,W,103,102,1
MIA,W,90,89,1
MIA,W,114,106,8
MIA,W,97,79,18
MIA,L,111,119,-8
MIA,W,106,101,5
MIA,L,95,101,-6
MIA,W,106,105,1
MIA,L,90,99,-9
MIA,L,88,89,-1
MIA,W,95,91,4
MIA,W,95,88,7
MIA,L,89,91,-2
MIA,L,97,103,-6
MIA,L,107,111,-4
MIA,L,109,111,-2
MIA,L,101,109,-8
MIA,W,91,85,6
MIA,L,112,115,-3
MIA,L,102,104,-2
MIA,L,123,124,-1
MIA,W,115,89,26
MIA,W,102,101,1
MIA,L,113,131,-18
MIA,W,105,96,9
MIA,W,125,103,22
MIA,L,113,117,-4
MIA,W,108,99,9
MIA,W,129,102,27
MIA,L,99,115,-16
MIA,L,119,123,-4
MIA,W,92,91,1
MIA,W,149,141,8
MIA,W,119,98,21
MIA,L,99,105,-6
MIA,L,107,113,-6
MIL,W,108,100,8
MIL,L,97,116,-19
MIL,W,113,110,3
MIL,W,103,94,9
MIL,L,89,96,-7
MIL,W,117,106,11
MIL,L,91,110,-19
MIL,L,121,126,-5
MIL,L,96,105,-9
MIL,L,119,124,-5
MIL,W,94,87,7
MIL,W,98,90,8
MIL,W,110,103,7
MIL,W,99,95,4
MIL,L,79,111,-32
MIL,L,88,99,-11
MIL,W,113,107,6
MIL,L,108,121,-13
MIL,W,112,87,25
MIL,W,103,91,12
MIL,W,109,104,5
MIL,L,100,111,-11
MIL,W,104,100,4
MIL,W,109,102,7
MIL,W,117,100,17
MIL,L,108,115,-7
MIL,L,109,115,-6
MIL,L,111,115,-4
MIL,W,119,116,3
MIL,W,109,104,5
MIL,L,106,111,-5
MIL,L,106,115,-9
MIL,W,102,96,6
MIL,W,97,95,2
MIL,L,127,131,-4
MIL,W,122,101,21
MIL,L,110,129,-19
MIL,W,110,103,7
MIL,L,96,109,-13
MIL,W,110,103,7
MIL,L,94,108,-14
MIL,L,79,97,-18
MIL,W,104,95,9
MIL,L,101,106,-5
MIL,L,94,116,-22
MIL,W,109,105,4
MIL,W,116,91,25
MIL,W,110,96,14
MIL,W,107,95,12
MIL,L,89,108,-19
MIL,W,92,90,2
MIL,W,109,94,15
MIL,W,103,89,14
MIL,L,85,91,-6
MIL,W,111,104,7
MIL,W,97,92,5
MIL,L,123,134,-11
MIL,W,122,119,3
MIL,L,121,123,-2
MIL,L,104,107,-3
MIL,L,87,110,-23
MIL,L,96,103,-7
MIL,W,118,110,8
MIL,L,89,92,-3
MIL,L,99,110,-11
MIL,W,120,112,8
MIL,W,121,103,18
MIL,L,117,126,-9
MIL,W,122,117,5
MIL,L,117,124,-7
MIL,L,120,127,-7
MIL,W,118,105,13
MIL,W,106,103,3
MIN,L,99,107,-8
MIN,W,100,97,3
MIN,W,115,113,2
MIN,L,107,130,-23
MIN,L,101,122,-21
MIN,W,119,116,3
MIN,W,125,122,3
MIN,W,104,98,6
MIN,W,112,99,13
MIN,W,112,94,18
MIN,L,101,125,-24
MIN,L,110,118,-8
MIN,W,109,98,11
MIN,W,98,86,12
MIN,W,111,87,24
MIN,L,97,100,-3
MIN,L,102,118,-16
MIN,W,124,118,6
MIN,L,97,109,-12
MIN,W,119,108,11
MIN,L,89,92,-3
MIN,W,120,102,18
MIN,L,107,111,-4
MIN,W,112,106,6
MIN,L,92,95,-3
MIN,W,113,107,6
MIN,W,97,92,5
MIN,L,112,118,-6
MIN,W,119,96,23
MIN,L,106,108,-2
MIN,W,108,107,1
MIN,W,112,104,8
MIN,W,115,106,9
MIN,W,121,104,17
MIN,W,128,125,3
MIN,L,96,102,-6
MIN,W,107,90,17
MIN,W,114,96,18
MIN,L,97,98,-1
MIN,L,84,91,-7
MIN,W,116,98,18
MIN,W,127,99,28
MIN,W,104,88,16
MIN,W,118,108,10
MIN,W,120,103,17
MIN,L,102,108,-6
MIN,L,98,116,-18
MIN,W,115,109,6
MIN,W,126,118,8
MIN,L,114,123,-9
MIN,L,113,126,-13
MIN,W,111,97,14
MIN,L,100,105,-5
MIN,L,104,109,-5
MIN,W,108,89,19
MIN,W,118,107,11
MIN,L,138,140,-2
MIN,L,113,114,-1
MIN,W,111,106,5
MIN,L,108,126,-18
MIN,W,119,111,8
MIN,L,102,120,-18
MIN,W,122,104,18
MIN,W,118,100,18
MIN,L,99,108,-9
MIN,L,108,116,-8
MIN,L,109,117,-8
MIN,W,109,103,6
MIN,W,116,111,5
MIN,L,101,117,-16
MIN,L,120,129,-9
MIN,W,123,109,14
MIN,W,108,104,4
MIN,L,108,120,-12
NOP,L,91,103,-12
NOP,L,120,128,-8
NOP,W,119,112,7
NOP,L,93,103,-10
NOP,W,114,106,8
NOP,W,123,101,22
NOP,L,99,115,-16
NOP,L,98,104,-6
NOP,W,99,94,5
NOP,W,96,90,6
NOP,W,117,112,5
NOP,L,118,122,-4
NOP,W,111,103,8
NOP,W,106,105,1
NOP,L,116,125,-9
NOP,L,114,146,-32
NOP,W,114,107,7
NOP,W,107,90,17
NOP,W,115,91,24
NOP,L,95,110,-15
NOP,L,102,120,-18
NOP,L,108,114,-6
NOP,W,123,116,7
NOP,L,115,125,-10
NOP,W,123,114,9
NOP,L,109,116,-7
NOP,W,131,124,7
NOP,L,123,130,-7
NOP,W,115,108,7
NOP,L,111,117,-6
NOP,L,106,116,-10
NOP,W,111,97,14
NOP,W,109,94,15
NOP,W,128,113,15
NOP,L,120,128,-8
NOP,L,103,105,-2
NOP,W,108,98,10
NOP,L,98,116,-18
NOP,W,112,109,3
NOP,L,102,105,-3
NOP,W,119,113,6
NOP,W,123,118,5
NOP,W,116,113,3
NOP,L,93,94,-1
NOP,W,111,104,7
NOP,W,132,128,4
NOP,W,101,96,5
NOP,W,115,113,2
NOP,L,103,112,-9
NOP,L,103,114,-11
NOP,W,114,100,14
NOP,L,107,118,-11
NOP,L,109,133,-24
NOP,L,82,100,-18
NOP,W,138,128,10
NOP,W,118,103,15
NOP,W,139,117,22
NOP,W,124,123,1
NOP,W,123,121,2
NOP,W,125,116,9
NOP,W,121,116,5
NOP,W,126,109,17
NOP,W,121,116,5
NOP,W,114,101,13
NOP,L,97,116,-19
NOP,L,99,116,-17
NOP,W,119,115,4
NOP,L,93,98,-5
NOP,L,101,107,-6
NOP,W,108,89,19
NOP,W,115,105,10
NOP,W,96,92,4
NOP,W,128,125,3
NOP,L,91,114,-23
NYK,L,84,105,-21
NYK,L,107,111,-4
NYK,L,89,110,-21
NYK,W,107,86,21
NYK,W,114,95,19
NYK,W,116,110,6
NYK,L,97,119,-22
NYK,W,120,107,13
NYK,W,108,101,7
NYK,W,118,113,5
NYK,L,99,112,-13
NYK,W,118,91,27
NYK,L,101,104,-3
NYK,W,106,101,5
NYK,L,84,107,-23
NYK,W,107,85,22
NYK,W,108,100,8
NYK,L,104,116,-12
NYK,L,102,117,-15
NYK,L,91,103,-12
NYK,W,115,86,29
NYK,L,100,105,-5
NYK,L,97,115,-18
NYK,W,99,88,11
NYK,L,102,104,-2
NYK,W,111,107,4
NYK,W,113,109,4
NYK,W,111,104,7
NYK,W,111,96,15
NYK,L,91,109,-18
NYK,W,102,93,9
NYK,L,101,104,-3
NYK,L,98,105,-7
NYK,L,87,92,-5
NYK,L,107,119,-12
NYK,W,105,103,2
NYK,L,91,100,-9
NYK,L,103,121,-18
NYK,L,103,107,-4
NYK,W,100,96,4
NYK,L,119,122,-3
NYK,L,108,118,-10
NYK,L,118,123,-5
NYK,W,119,104,15
NYK,L,99,105,-6
NYK,W,117,115,2
NYK,L,107,127,-20
NYK,L,112,123,-11
NYK,L,118,130,-12
NYK,W,107,85,22
NYK,W,111,95,16
NYK,L,73,103,-30
NYK,L,90,92,-2
NYK,L,96,99,-3
NYK,L,89,103,-14
NYK,L,88,113,-25
NYK,L,113,121,-8
NYK,L,92,108,-16
NYK,L,113,118,-5
NYK,W,120,113,7
NYK,L,112,121,-9
NYK,L,111,125,-14
NYK,L,105,128,-23
NYK,L,99,102,-3
NYK,L,87,111,-24
NYK,L,112,120,-8
NYK,L,106,132,-26
NYK,L,97,110,-13
NYK,L,110,118,-8
NYK,W,124,101,23
NYK,W,110,92,18
NYK,L,98,119,-21
NYK,L,104,108,-4
NYK,W,101,97,4
OKC,W,105,84,21
OKC,L,87,96,-9
OKC,L,113,115,-2
OKC,W,114,96,18
OKC,L,116,119,-3
OKC,W,101,69,32
OKC,W,110,91,19
OKC,L,94,101,-7
OKC,L,99,103,-4
OKC,L,86,94,-8
OKC,L,94,102,-8
OKC,W,120,111,9
OKC,W,112,99,13
OKC,W,92,79,13
OKC,L,101,104,-3
OKC,L,107,114,-7
OKC,W,108,91,17
OKC,L,98,99,-1
OKC,L,81,97,-16
OKC,L,108,121,-13
OKC,W,111,107,4
OKC,W,90,87,3
OKC,W,100,94,6
OKC,L,95,100,-5
OKC,W,102,101,1
OKC,L,103,116,-13
OKC,W,100,95,5
OKC,W,119,117,2
OKC,L,96,111,-15
OKC,W,95,94,1
OKC,W,107,79,28
OKC,W,120,117,3
OKC,W,103,89,14
OKC,W,112,107,5
OKC,W,124,107,17
OKC,L,95,97,-2
OKC,L,113,116,-3
OKC,W,133,96,37
OKC,W,127,117,10
OKC,L,100,114,-14
OKC,L,106,117,-11
OKC,L,88,104,-16
OKC,W,101,91,10
OKC,W,95,88,7
OKC,W,114,90,24
OKC,W,148,124,24
OKC,W,109,108,1
OKC,W,121,112,9
OKC,W,121,108,13
OKC,W,122,112,10
OKC,L,96,102,-6
OKC,L,124,127,-3
OKC,L,100,114,-14
OKC,L,104,108,-4
OKC,W,125,105,20
OKC,L,81,106,-25
OKC,W,110,92,18
OKC,L,112,120,-8
OKC,W,121,114,7
OKC,W,110,107,3
OKC,L,80,112,-32
OKC,W,112,105,7
OKC,W,111,110,1
OKC,W,124,116,8
OKC,L,100,108,-8
OKC,L,112,122,-10
OKC,W,115,87,28
OKC,W,104,94,10
OKC,W,106,101,5
OKC,W,119,107,12
OKC,W,121,113,8
OKC,W,132,125,7
OKC,L,99,100,-1
OKC,W,105,99,6
OKC,L,105,108,-3
ORL,W,116,109,7
ORL,L,121,126,-5
ORL,W,114,93,21
ORL,W,125,121,4
ORL,W,114,87,27
ORL,L,113,120,-7
ORL,W,115,99,16
ORL,W,101,99,2
ORL,L,83,105,-22
ORL,L,88,104,-16
ORL,W,112,99,13
ORL,W,128,112,16
ORL,L,107,125,-18
ORL,L,100,110,-10
ORL,L,94,99,-5
ORL,L,85,125,-40
ORL,L,97,105,-8
ORL,L,118,124,-6
ORL,L,103,118,-15
ORL,L,111,130,-19
ORL,L,109,121,-12
ORL,W,121,108,13
ORL,L,112,133,-21
ORL,W,105,100,5
ORL,L,94,104,-10
ORL,W,110,106,4
ORL,L,89,103,-14
ORL,L,110,117,-7
ORL,L,95,106,-11
ORL,L,88,95,-7
ORL,L,110,114,-4
ORL,L,94,112,-18
ORL,L,97,111,-14
ORL,L,103,130,-27
ORL,L,89,107,-18
ORL,W,102,89,13
ORL,L,111,117,-6
ORL,L,95,98,-3
ORL,L,98,116,-18
ORL,L,127,131,-4
ORL,L,99,114,-15
ORL,L,103,110,-7
ORL,L,119,125,-6
ORL,W,108,102,6
ORL,L,103,104,-1
ORL,W,103,95,8
ORL,L,99,105,-6
ORL,L,112,114,-2
ORL,L,107,114,-7
ORL,W,127,105,22
ORL,L,98,115,-17
ORL,W,111,109,2
ORL,W,116,98,18
ORL,W,100,98,2
ORL,L,104,111,-7
ORL,L,101,105,-4
ORL,L,102,104,-2
ORL,L,113,120,-7
ORL,L,105,116,-11
ORL,L,105,112,-7
ORL,L,104,117,-13
ORL,W,115,106,9
ORL,W,107,100,7
ORL,L,80,94,-14
ORL,L,107,108,-1
ORL,L,88,94,-6
ORL,L,105,113,-8
ORL,L,72,108,-36
ORL,W,126,117,9
ORL,L,83,92,-9
ORL,L,86,93,-7
ORL,L,98,118,-20
ORL,W,105,99,6
PHI,L,115,120,-5
PHI,L,92,102,-10
PHI,L,94,128,-34
PHI,W,97,86,11
PHI,L,104,105,-1
PHI,W,112,110,2
PHI,W,115,107,8
PHI,W,119,109,10
PHI,W,121,110,11
PHI,W,104,97,7
PHI,L,108,109,-1
PHI,L,114,135,-21
PHI,W,109,105,4
PHI,W,115,109,6
PHI,L,116,124,-8
PHI,W,107,86,21
PHI,W,101,81,20
PHI,W,130,111,19
PHI,L,91,113,-22
PHI,W,118,113,5
PHI,L,97,108,-11
PHI,W,108,103,5
PHI,L,101,115,-14
PHI,L,104,107,-3
PHI,L,98,105,-7
PHI,L,124,131,-7
PHI,W,118,112,6
PHI,L,117,119,-2
PHI,L,115,117,-2
PHI,L,95,101,-6
PHI,L,109,114,-5
PHI,L,86,102,-16
PHI,W,105,98,7
PHI,L,110,114,-4
PHI,W,107,102,5
PHI,W,123,110,13
PHI,W,112,106,6
PHI,W,114,78,36
PHI,L,103,114,-11
PHI,W,117,111,6
PHI,W,89,80,9
PHI,W,116,94,22
PHI,L,101,105,-4
PHI,W,115,101,14
PHI,W,97,78,19
PHI,L,112,122,-10
PHI,L,95,107,-12
PHI,L,108,116,-8
PHI,W,103,97,6
PHI,L,92,100,-8
PHI,W,115,102,13
PHI,W,100,82,18
PHI,W,112,98,14
PHI,W,108,92,16
PHI,W,104,102,2
PHI,W,116,115,1
PHI,W,116,105,11
PHI,L,94,109,-15
PHI,L,101,102,-1
PHI,W,108,97,11
PHI,W,110,99,11
PHI,L,110,118,-8
PHI,W,128,114,14
PHI,L,99,108,-9
PHI,W,120,97,23
PHI,L,98,101,-3
PHI,W,118,110,8
PHI,W,120,116,4
PHI,W,108,94,14
PHI,W,119,105,14
PHI,W,118,98,20
PHI,W,120,108,12
PHO,L,76,124,-48
PHO,L,130,132,-2
PHO,L,88,130,-42
PHO,W,117,115,2
PHO,W,97,88,9
PHO,L,107,114,-7
PHO,W,122,114,8
PHO,W,122,116,6
PHO,L,107,120,-13
PHO,L,95,112,-17
PHO,L,92,98,-6
PHO,L,115,126,-11
PHO,L,112,128,-16
PHO,W,118,110,8
PHO,L,93,100,-7
PHO,L,116,142,-26
PHO,W,122,113,9
PHO,W,113,105,8
PHO,L,107,113,-6
PHO,L,91,115,-24
PHO,L,108,119,-11
PHO,W,104,99,5
PHO,L,107,131,-24
PHO,L,111,116,-5
PHO,W,115,101,14
PHO,L,113,126,-13
PHO,L,99,109,-10
PHO,L,101,104,-3
PHO,L,92,99,-7
PHO,L,109,115,-6
PHO,W,108,106,2
PHO,W,97,91,6
PHO,L,95,108,-13
PHO,W,97,95,2
PHO,L,106,115,-9
PHO,W,99,97,2
PHO,W,111,101,10
PHO,L,110,123,-13
PHO,W,104,103,1
PHO,L,111,134,-23
PHO,L,89,103,-14
PHO,W,114,100,14
PHO,L,95,112,-17
PHO,L,97,120,-23
PHO,L,111,118,-7
PHO,W,108,100,8
PHO,L,105,109,-4
PHO,L,101,116,-15
PHO,L,85,107,-22
PHO,L,102,113,-11
PHO,L,109,120,-11
PHO,W,102,88,14
PHO,L,97,129,-32
PHO,L,110,115,-5
PHO,L,93,112,-19
PHO,L,81,129,-48
PHO,L,113,123,-10
PHO,L,83,129,-46
PHO,L,97,107,-10
PHO,L,117,128,-11
PHO,L,104,106,-2
PHO,L,116,125,-9
PHO,W,110,102,8
PHO,L,116,124,-8
PHO,L,112,113,-1
PHO,L,103,125,-22
PHO,L,87,115,-28
PHO,L,115,122,-7
PHO,L,107,129,-22
PHO,L,88,116,-28
PHO,L,109,124,-15
PHO,L,88,115,-27
PHO,L,95,120,-25
PHO,L,99,105,-6
POR,W,124,76,48
POR,W,114,96,18
POR,L,110,113,-3
POR,W,103,93,10
POR,L,103,104,-1
POR,W,114,107,7
POR,L,85,99,-14
POR,L,103,112,-9
POR,W,113,110,3
POR,W,103,99,4
POR,L,97,98,-1
POR,L,97,101,-4
POR,W,99,82,17
POR,W,99,94,5
POR,L,82,86,-4
POR,W,102,90,12
POR,W,100,92,8
POR,L,81,101,-20
POR,W,127,125,2
POR,W,108,105,3
POR,W,103,91,12
POR,L,91,103,-12
POR,L,116,123,-7
POR,L,92,106,-14
POR,L,117,124,-7
POR,L,104,111,-7
POR,W,102,95,7
POR,W,95,88,7
POR,W,93,91,2
POR,L,107,108,-1
POR,L,91,93,-2
POR,L,85,102,-17
POR,W,95,92,3
POR,W,114,110,4
POR,L,89,104,-15
POR,W,124,120,4
POR,L,110,127,-17
POR,W,110,89,21
POR,W,111,110,1
POR,W,117,106,11
POR,L,112,121,-9
POR,L,113,119,-6
POR,L,103,120,-17
POR,W,118,111,7
POR,W,100,86,14
POR,W,117,108,9
POR,L,101,104,-3
POR,W,123,114,9
POR,W,107,93,14
POR,W,104,96,8
POR,W,124,108,16
POR,L,105,130,-25
POR,L,96,97,-1
POR,L,91,111,-20
POR,W,109,103,6
POR,W,118,100,18
POR,L,96,115,-19
POR,W,123,117,6
POR,W,100,81,19
POR,W,106,104,2
POR,W,116,99,17
POR,W,108,99,9
POR,W,108,100,8
POR,W,108,103,5
POR,W,111,87,24
POR,W,125,108,17
POR,W,115,99,16
POR,W,113,105,8
POR,W,100,87,13
POR,W,122,109,13
POR,L,111,115,-4
POR,L,100,105,-5
POR,W,108,105,3
SAC,L,100,105,-5
SAC,W,93,88,5
SAC,L,79,96,-17
SAC,L,115,117,-2
SAC,L,106,114,-8
SAC,L,83,110,-27
SAC,L,83,101,-18
SAC,L,86,113,-27
SAC,L,99,108,-9
SAC,W,94,86,8
SAC,W,109,108,1
SAC,L,91,118,-27
SAC,L,92,110,-18
SAC,L,80,126,-46
SAC,W,86,82,4
SAC,L,90,102,-12
SAC,L,98,114,-16
SAC,W,113,102,11
SAC,L,95,97,-2
SAC,W,110,106,4
SAC,L,87,112,-25
SAC,W,107,106,1
SAC,L,104,109,-5
SAC,L,95,101,-6
SAC,W,116,109,7
SAC,L,87,102,-15
SAC,W,99,92,7
SAC,L,96,119,-23
SAC,L,93,108,-15
SAC,W,101,95,6
SAC,W,104,99,5
SAC,L,99,108,-9
SAC,L,95,122,-27
SAC,W,109,95,14
SAC,L,101,111,-10
SAC,L,96,114,-18
SAC,L,111,131,-20
SAC,W,106,98,8
SAC,L,100,107,-7
SAC,L,86,99,-13
SAC,L,115,121,-6
SAC,L,105,126,-21
SAC,L,88,95,-7
SAC,L,105,120,-15
SAC,L,88,106,-18
SAC,L,107,112,-5
SAC,W,105,99,6
SAC,W,89,88,1
SAC,L,98,113,-15
SAC,W,114,103,11
SAC,L,104,119,-15
SAC,L,99,106,-7
SAC,W,104,98,6
SAC,L,100,118,-18
SAC,L,106,111,-5
SAC,W,114,109,5
SAC,L,91,100,-9
SAC,L,107,110,-3
SAC,L,108,113,-5
SAC,L,100,118,-18
SAC,L,99,116,-17
SAC,W,116,111,5
SAC,L,91,98,-7
SAC,W,102,99,3
SAC,L,101,114,-13
SAC,W,94,88,6
SAC,L,104,130,-26
SAC,L,101,106,-5
SAC,W,123,119,4
SAC,W,98,93,5
SAC,L,97,103,-6
SAC,L,90,106,-16
SAC,W,105,90,15
SAC,L,93,104,-11
SAS,W,107,99,8
SAS,W,87,77,10
SAS,W,101,97,4
SAS,W,117,100,17
SAS,L,87,114,-27
SAS,L,94,97,-3
SAS,L,94,108,-14
SAS,L,92,112,-20
SAS,W,108,101,7
SAS,W,112,95,17
SAS,W,120,107,13
SAS,L,87,94,-7
SAS,W,133,94,39
SAS,W,97,91,6
SAS,L,86,98,-12
SAS,W,104,101,3
SAS,W,96,85,11
SAS,L,90,107,-17
SAS,W,106,86,20
SAS,W,115,108,7
SAS,W,104,95,9
SAS,W,95,79,16
SAS,L,87,90,-3
SAS,W,96,93,3
SAS,W,117,105,12
SAS,W,105,102,3
SAS,W,104,101,3
SAS,L,89,95,-6
SAS,L,109,124,-15
SAS,W,98,96,2
SAS,W,109,91,18
SAS,W,93,91,2
SAS,L,89,100,-11
SAS,W,108,99,9
SAS,W,109,97,12
SAS,W,119,107,12
SAS,L,79,93,-14
SAS,W,100,91,9
SAS,L,106,112,-6
SAS,W,103,89,14
SAS,L,110,111,-1
SAS,W,107,100,7
SAS,L,81,93,-12
SAS,W,112,80,32
SAS,L,99,102,-3
SAS,W,100,95,5
SAS,L,83,86,-3
SAS,L,86,94,-8
SAS,W,114,102,12
SAS,W,108,85,23
SAS,L,78,97,-19
SAS,W,113,98,15
SAS,W,106,104,2
SAS,L,91,102,-11
SAS,L,111,120,-9
SAS,W,129,81,48
SAS,L,105,122,-17
SAS,L,99,101,-2
SAS,L,109,117,-8
SAS,L,119,122,-3
SAS,W,110,94,16
SAS,L,116,121,-5
SAS,L,112,116,-4
SAS,W,100,98,2
SAS,L,107,110,-3
SAS,L,94,104,-10
SAS,L,93,109,-16
SAS,W,108,72,36
SAS,W,98,93,5
SAS,W,117,101,16
SAS,W,89,75,14
SAS,W,98,90,8
SAS,W,124,120,4
SAS,L,103,106,-3
TOR,W,117,100,17
TOR,W,128,94,34
TOR,L,97,101,-4
TOR,L,112,117,-5
TOR,W,101,92,9
TOR,W,99,85,14
TOR,L,111,129,-18
TOR,W,109,100,9
TOR,L,96,107,-11
TOR,W,119,114,5
TOR,W,122,118,4
TOR,L,94,95,-1
TOR,W,129,113,16
TOR,W,125,116,9
TOR,W,107,84,23
TOR,W,100,91,9
TOR,L,100,108,-8
TOR,L,104,107,-3
TOR,W,112,78,34
TOR,W,126,113,13
TOR,W,120,115,5
TOR,W,126,113,13
TOR,W,116,107,9
TOR,W,102,87,15
TOR,L,91,96,-5
TOR,W,115,109,6
TOR,W,120,87,33
TOR,W,108,93,15
TOR,W,129,111,18
TOR,W,114,109,5
TOR,W,102,86,16
TOR,L,93,98,-5
TOR,L,107,124,-17
TOR,W,111,98,13
TOR,W,131,127,4
TOR,W,124,115,9
TOR,W,129,110,19
TOR,W,114,113,1
TOR,L,89,90,-1
TOR,W,133,99,34
TOR,L,125,127,-2
TOR,L,111,117,-6
TOR,W,96,91,5
TOR,W,86,83,3
TOR,L,109,115,-6
TOR,W,108,93,15
TOR,L,93,97,-4
TOR,W,123,111,12
TOR,W,109,104,5
TOR,L,119,122,-3
TOR,W,130,105,25
TOR,W,101,86,15
TOR,W,111,91,20
TOR,W,113,88,25
TOR,W,123,103,20
TOR,W,115,112,3
TOR,W,122,98,24
TOR,L,119,122,-3
TOR,W,123,94,29
TOR,W,117,104,13
TOR,W,102,95,7
TOR,W,103,98,5
TOR,W,106,90,16
TOR,W,121,119,2
TOR,W,108,105,3
TOR,W,132,106,26
TOR,W,116,102,14
TOR,W,106,99,7
TOR,W,122,115,7
TOR,L,125,132,-7
TOR,W,93,86,7
TOR,L,129,132,-3
TOR,W,116,112,4
TOR,L,106,117,-11
UTA,W,106,96,10
UTA,L,97,100,-3
UTA,W,96,87,9
UTA,L,84,102,-18
UTA,L,88,97,-9
UTA,W,96,81,15
UTA,W,104,89,15
UTA,W,112,103,9
UTA,L,100,109,-9
UTA,L,110,137,-27
UTA,L,97,104,-7
UTA,L,74,84,-10
UTA,W,114,106,8
UTA,L,98,109,-11
UTA,L,101,106,-5
UTA,L,107,118,-11
UTA,W,125,85,40
UTA,L,86,107,-21
UTA,W,110,80,30
UTA,W,121,108,13
UTA,W,106,77,29
UTA,W,126,107,19
UTA,W,114,108,6
UTA,W,116,69,47
UTA,L,94,100,-6
UTA,L,101,112,-11
UTA,L,100,117,-17
UTA,L,100,103,-3
UTA,W,107,95,12
UTA,L,100,109,-9
UTA,L,99,120,-21
UTA,L,79,107,-28
UTA,W,100,89,11
UTA,L,89,103,-14
UTA,L,83,107,-24
UTA,L,101,126,-25
UTA,W,104,101,3
UTA,L,98,108,-10
UTA,L,91,99,-8
UTA,L,102,103,-1
UTA,W,107,104,3
UTA,L,88,99,-11
UTA,L,94,109,-15
UTA,W,120,105,15
UTA,L,115,117,-2
UTA,W,125,113,12
UTA,L,90,104,-14
UTA,W,98,95,3
UTA,W,97,93,4
UTA,W,129,99,30
UTA,W,129,97,32
UTA,W,120,111,9
UTA,W,133,109,24
UTA,W,92,88,4
UTA,W,106,94,12
UTA,W,115,96,19
UTA,W,101,99,2
UTA,W,107,97,10
UTA,L,81,100,-19
UTA,W,97,90,7
UTA,L,85,96,-11
UTA,W,116,108,8
UTA,W,98,91,7
UTA,W,94,80,14
UTA,W,104,84,20
UTA,W,95,78,17
UTA,W,116,99,17
UTA,W,110,79,31
UTA,W,116,88,28
UTA,W,103,97,6
UTA,L,94,99,-5
UTA,W,119,112,7
UTA,L,120,124,-4
UTA,W,110,91,19
WAS,W,120,115,5
WAS,W,115,111,4
WAS,W,109,104,5
WAS,L,99,102,-3
WAS,L,117,120,-3
WAS,W,110,83,27
WAS,L,116,122,-6
WAS,L,122,130,-8
WAS,W,107,96,11
WAS,L,99,113,-14
WAS,W,111,95,16
WAS,W,113,94,19
WAS,W,110,92,18
WAS,W,102,93,9
WAS,L,88,91,-3
WAS,L,91,100,-9
WAS,W,99,88,11
WAS,L,124,129,-5
WAS,L,105,108,-3
WAS,W,92,89,3
WAS,L,113,118,-5
WAS,W,109,91,18
WAS,L,69,116,-47
WAS,W,106,92,14
WAS,W,109,99,10
WAS,L,112,113,-1
WAS,L,98,103,-5
WAS,W,93,87,6
WAS,W,100,91,9
WAS,L,99,106,-7
WAS,W,116,106,10
WAS,L,84,119,-35
WAS,W,130,103,27
WAS,W,111,103,8
WAS,L,99,113,-14
WAS,W,121,103,18
WAS,W,114,110,4
WAS,W,121,103,18
WAS,W,102,100,2
WAS,L,103,110,-7
WAS,L,104,107,-3
WAS,W,125,119,6
WAS,W,119,113,6
WAS,L,95,104,-9
WAS,L,109,133,-24
WAS,W,122,112,10
WAS,L,75,98,-23
WAS,L,112,121,-9
WAS,W,129,104,25
WAS,W,102,96,6
WAS,W,122,119,3
WAS,W,115,98,17
WAS,W,111,102,9
WAS,L,102,115,-13
WAS,L,104,110,-6
WAS,W,101,90,11
WAS,W,118,113,5
WAS,W,110,103,7
WAS,L,105,122,-17
WAS,W,109,94,15
WAS,W,107,104,3
WAS,L,101,109,-8
WAS,L,95,102,-7
WAS,L,95,98,-3
WAS,W,117,113,4
WAS,W,116,97,19
WAS,L,102,129,-27
WAS,L,111,116,-5
WAS,W,125,124,1
WAS,W,109,102,7
WAS,L,90,98,-8
WAS,L,100,108,-8
WAS,L,97,101,-4
